IAD1 # Must be first four characters
# Input Example with a single set of sphere coefficients 
# The order of entries is important 
# Anything after a ’#’ is ignored, blank lines are also ignored

1.34 # Index of refraction of the sample 
1.50 # Index of refraction of the top and bottom slides 
1.0 # [mm] Thickness of sample 
1.0 # [mm] Thickness of slides 
5.0 # [mm] Diameter of illumination beam 
0.96 # Reflectance of the calibration standard
1 # Number of spheres used during each measurement

# Properties of sphere used for reflectance measurements 203.2 # [mm] Sphere Diameter (8 in * 25.4 mm/in) 
25.4 # [mm] Sample Port Diameter 
12.7 # [mm] Entrance Port Diameter 
1.00 # [mm] Detector Port Diameter 
0.96 # Reflectance of the sphere wall

# Properties of sphere used for transmittance measurements 203.2 # [mm] Sphere Diameter (8 in * 25.4 mm/in) 
25.4 # [mm] Sample Port Diameter 
0.00 # [mm] Entrance Port Diameter 
1.00 # [mm] Detector Port Diameter 
0.96 # Reflectance of the sphere wall

2 # Number of measurements, M_R, M_T

#nm	#M_R	#M_T	#M_U	#r_w 	#t_w 	#rstd 	#tstd
349.8	0.22448979591836735	0.28189300411522633	0.0	0.9788	0.9788	0.98	1.0
350.3	0.2542857142857143	0.3771760154738878	0.0	0.9788	0.9788	0.98	1.0
350.8	0.2969187675070028	0.42857142857142855	0.0	0.9788	0.9788	0.98	1.0
351.3	0.2853107344632768	0.445993031358885	0.0	0.9788	0.9788	0.98	1.0
351.9	0.28378378378378377	0.4134453781512605	0.0	0.9788	0.9788	0.98	1.0
352.4	0.2810810810810811	0.3544093178036606	0.0	0.9788	0.9788	0.98	1.0
352.9	0.2750642673521851	0.29853181076672103	0.0	0.9788	0.9788	0.98	1.0
353.4	0.2601010101010101	0.22580645161290322	0.0	0.9788	0.9788	0.98	1.0
354.0	0.25879396984924624	0.178743961352657	0.0	0.9788	0.9788	0.98	1.0
354.5	0.25879396984924624	0.13408723747980614	0.0	0.9788	0.9788	0.98	1.0
355.0	0.2512437810945274	0.0755336617405583	0.0	0.9788	0.9788	0.98	1.0
355.5	0.21739130434782608	0.06291390728476821	0.0	0.9788	0.9788	0.98	1.0
356.0	0.21770334928229665	0.043333333333333335	0.0	0.9788	0.9788	0.98	1.0
356.6	0.20665083135391923	0.0387858347386172	0.0	0.9788	0.9788	0.98	1.0
357.1	0.1939252336448598	0.023529411764705882	0.0	0.9788	0.9788	0.98	1.0
357.6	0.20909090909090908	0.051580698835274545	0.0	0.9788	0.9788	0.98	1.0
358.1	0.19534883720930232	0.03064516129032258	0.0	0.9788	0.9788	0.98	1.0
358.7	0.1935483870967742	0.03980891719745223	0.0	0.9788	0.9788	0.98	1.0
359.2	0.1973392461197339	0.025157232704402517	0.0	0.9788	0.9788	0.98	1.0
359.7	0.20915032679738563	0.033690658499234305	0.0	0.9788	0.9788	0.98	1.0
360.2	0.19787234042553192	0.04066265060240964	0.0	0.9788	0.9788	0.98	1.0
360.8	0.2182952182952183	0.04978038067349927	0.0	0.9788	0.9788	0.98	1.0
361.3	0.21181262729124237	0.056439942112879886	0.0	0.9788	0.9788	0.98	1.0
361.8	0.21912350597609562	0.051893408134642355	0.0	0.9788	0.9788	0.98	1.0
362.3	0.228515625	0.05858310626702997	0.0	0.9788	0.9788	0.98	1.0
362.9	0.21333333333333335	0.0703851261620186	0.0	0.9788	0.9788	0.98	1.0
363.4	0.21851851851851853	0.056282722513089	0.0	0.9788	0.9788	0.98	1.0
363.9	0.21072088724584104	0.06521739130434782	0.0	0.9788	0.9788	0.98	1.0
364.4	0.2185792349726776	0.06565656565656566	0.0	0.9788	0.9788	0.98	1.0
364.9	0.22898032200357782	0.055900621118012424	0.0	0.9788	0.9788	0.98	1.0
365.5	0.23036649214659685	0.06142506142506143	0.0	0.9788	0.9788	0.98	1.0
366.0	0.22145328719723184	0.0688836104513064	0.0	0.9788	0.9788	0.98	1.0
366.5	0.22504230118443316	0.0660377358490566	0.0	0.9788	0.9788	0.98	1.0
367.0	0.21440536013400335	0.06323185011709602	0.0	0.9788	0.9788	0.98	1.0
367.6	0.24104234527687296	0.04861111111111111	0.0	0.9788	0.9788	0.98	1.0
368.1	0.2161290322580645	0.06598407281001138	0.0	0.9788	0.9788	0.98	1.0
368.6	0.2279874213836478	0.062360801781737196	0.0	0.9788	0.9788	0.98	1.0
369.1	0.2204968944099379	0.054764512595837894	0.0	0.9788	0.9788	0.98	1.0
369.7	0.2127659574468085	0.05297297297297297	0.0	0.9788	0.9788	0.98	1.0
370.2	0.22801788375558868	0.059322033898305086	0.0	0.9788	0.9788	0.98	1.0
370.7	0.2246376811594203	0.06618407445708377	0.0	0.9788	0.9788	0.98	1.0
371.2	0.23120567375886525	0.0513347022587269	0.0	0.9788	0.9788	0.98	1.0
371.8	0.23994452149791956	0.05511022044088176	0.0	0.9788	0.9788	0.98	1.0
372.3	0.22982216142270862	0.05593719332679097	0.0	0.9788	0.9788	0.98	1.0
372.8	0.23466666666666666	0.05115830115830116	0.0	0.9788	0.9788	0.98	1.0
373.3	0.23026315789473684	0.048204158790170135	0.0	0.9788	0.9788	0.98	1.0
373.9	0.24265644955300128	0.04609595484477893	0.0	0.9788	0.9788	0.98	1.0
374.4	0.23203026481715006	0.04511970534069982	0.0	0.9788	0.9788	0.98	1.0
374.9	0.2343558282208589	0.04878048780487805	0.0	0.9788	0.9788	0.98	1.0
375.5	0.2253012048192771	0.05053191489361702	0.0	0.9788	0.9788	0.98	1.0
376.0	0.23333333333333334	0.03574542284219703	0.0	0.9788	0.9788	0.98	1.0
376.5	0.23693379790940766	0.04704875962360992	0.0	0.9788	0.9788	0.98	1.0
377.0	0.23103057757644394	0.05104602510460251	0.0	0.9788	0.9788	0.98	1.0
377.6	0.24835164835164836	0.04330065359477124	0.0	0.9788	0.9788	0.98	1.0
378.1	0.25	0.04487179487179487	0.0	0.9788	0.9788	0.98	1.0
378.6	0.2405857740585774	0.038431372549019606	0.0	0.9788	0.9788	0.98	1.0
379.1	0.2474437627811861	0.044753086419753084	0.0	0.9788	0.9788	0.98	1.0
379.7	0.24426719840478564	0.0392156862745098	0.0	0.9788	0.9788	0.98	1.0
380.2	0.24148003894839337	0.038433111603843315	0.0	0.9788	0.9788	0.98	1.0
380.7	0.2420749279538905	0.03918722786647315	0.0	0.9788	0.9788	0.98	1.0
381.2	0.24881740775780511	0.034261241970021415	0.0	0.9788	0.9788	0.98	1.0
381.8	0.2467889908256881	0.03927068723702665	0.0	0.9788	0.9788	0.98	1.0
382.3	0.242973708068903	0.03997243280496209	0.0	0.9788	0.9788	0.98	1.0
382.8	0.25044404973357015	0.03474114441416894	0.0	0.9788	0.9788	0.98	1.0
383.4	0.2517482517482518	0.03355704697986577	0.0	0.9788	0.9788	0.98	1.0
383.9	0.23979148566463945	0.039280958721704395	0.0	0.9788	0.9788	0.98	1.0
384.4	0.25	0.04342105263157895	0.0	0.9788	0.9788	0.98	1.0
384.9	0.2461799660441426	0.03913894324853229	0.0	0.9788	0.9788	0.98	1.0
385.5	0.25374376039933444	0.03425985778926956	0.0	0.9788	0.9788	0.98	1.0
386.0	0.24668874172185432	0.03956604977664327	0.0	0.9788	0.9788	0.98	1.0
386.5	0.24939073923639318	0.03229892336922103	0.0	0.9788	0.9788	0.98	1.0
387.1	0.2553699284009546	0.03706030150753769	0.0	0.9788	0.9788	0.98	1.0
387.6	0.25258141382049243	0.03609209707529558	0.0	0.9788	0.9788	0.98	1.0
388.1	0.2533022533022533	0.037943696450428395	0.0	0.9788	0.9788	0.98	1.0
388.6	0.254601226993865	0.04161640530759952	0.0	0.9788	0.9788	0.98	1.0
389.2	0.25487256371814093	0.0362879238548483	0.0	0.9788	0.9788	0.98	1.0
389.7	0.25220588235294117	0.03231492361927144	0.0	0.9788	0.9788	0.98	1.0
390.2	0.2536127167630058	0.03452243958573072	0.0	0.9788	0.9788	0.98	1.0
390.8	0.25263157894736843	0.03577417551704863	0.0	0.9788	0.9788	0.98	1.0
391.3	0.25991792065663477	0.03333333333333333	0.0	0.9788	0.9788	0.98	1.0
391.8	0.2578490313961256	0.03952991452991453	0.0	0.9788	0.9788	0.98	1.0
392.3	0.25762491888384165	0.03563941299790356	0.0	0.9788	0.9788	0.98	1.0
392.9	0.2587635436583811	0.033707865168539325	0.0	0.9788	0.9788	0.98	1.0
393.4	0.2647241165530068	0.03006012024048096	0.0	0.9788	0.9788	0.98	1.0
393.9	0.25757575757575757	0.0358018636586562	0.0	0.9788	0.9788	0.98	1.0
394.5	0.255786350148368	0.03267659778952427	0.0	0.9788	0.9788	0.98	1.0
395.0	0.25836216839677045	0.03568075117370892	0.0	0.9788	0.9788	0.98	1.0
395.5	0.25892351274787534	0.032377428307123035	0.0	0.9788	0.9788	0.98	1.0
396.0	0.26145251396648045	0.03290676416819013	0.0	0.9788	0.9788	0.98	1.0
396.6	0.25730027548209367	0.039030955585464336	0.0	0.9788	0.9788	0.98	1.0
397.1	0.25962059620596206	0.03244444444444444	0.0	0.9788	0.9788	0.98	1.0
397.6	0.2620689655172414	0.03089143865842895	0.0	0.9788	0.9788	0.98	1.0
398.2	0.25516146109052407	0.02930883639545057	0.0	0.9788	0.9788	0.98	1.0
398.7	0.25447839831401475	0.03211805555555555	0.0	0.9788	0.9788	0.98	1.0
399.2	0.2548101924076963	0.03625377643504532	0.0	0.9788	0.9788	0.98	1.0
399.8	0.2533470648815654	0.03380402225074882	0.0	0.9788	0.9788	0.98	1.0
400.3	0.25204498977505113	0.031955688112484025	0.0	0.9788	0.9788	0.98	1.0
400.8	0.2529262086513995	0.030110262934690414	0.0	0.9788	0.9788	0.98	1.0
401.3	0.25691302161890395	0.031157894736842107	0.0	0.9788	0.9788	0.98	1.0
401.9	0.259222333000997	0.03096234309623431	0.0	0.9788	0.9788	0.98	1.0
402.4	0.25663716814159293	0.026926263463131733	0.0	0.9788	0.9788	0.98	1.0
402.9	0.2541302235179786	0.029532403609515995	0.0	0.9788	0.9788	0.98	1.0
403.5	0.2574021012416428	0.03317152103559871	0.0	0.9788	0.9788	0.98	1.0
404.0	0.25727699530516435	0.028377298161470825	0.0	0.9788	0.9788	0.98	1.0
404.5	0.2590027700831025	0.03155818540433925	0.0	0.9788	0.9788	0.98	1.0
405.1	0.25546448087431695	0.03324313877077696	0.0	0.9788	0.9788	0.98	1.0
405.6	0.25245755138516535	0.029669075694180296	0.0	0.9788	0.9788	0.98	1.0
406.1	0.2565674255691769	0.03021260723610593	0.0	0.9788	0.9788	0.98	1.0
406.7	0.2554557124518614	0.027336534909493906	0.0	0.9788	0.9788	0.98	1.0
407.2	0.25925925925925924	0.032502708559046585	0.0	0.9788	0.9788	0.98	1.0
407.7	0.25547747002893756	0.03091684434968017	0.0	0.9788	0.9788	0.98	1.0
408.2	0.2570965125709651	0.031053733426378228	0.0	0.9788	0.9788	0.98	1.0
408.8	0.25605398967844384	0.030521262002743483	0.0	0.9788	0.9788	0.98	1.0
409.3	0.25956284153005466	0.03314169766655394	0.0	0.9788	0.9788	0.98	1.0
409.8	0.2553680981595092	0.028112449799196786	0.0	0.9788	0.9788	0.98	1.0
410.4	0.2554882664647994	0.029615004935834157	0.0	0.9788	0.9788	0.98	1.0
410.9	0.2568569310600445	0.024295432458697766	0.0	0.9788	0.9788	0.98	1.0
411.4	0.2534849596478357	0.03164961636828645	0.0	0.9788	0.9788	0.98	1.0
412.0	0.2556715880446525	0.027514231499051234	0.0	0.9788	0.9788	0.98	1.0
412.5	0.2562366357804704	0.030274656679151062	0.0	0.9788	0.9788	0.98	1.0
413.0	0.25562587904360057	0.02778635381290522	0.0	0.9788	0.9788	0.98	1.0
413.6	0.2539902845246357	0.027531355154481494	0.0	0.9788	0.9788	0.98	1.0
414.1	0.25308641975308643	0.027198549410698096	0.0	0.9788	0.9788	0.98	1.0
414.6	0.25914634146341464	0.027327327327327327	0.0	0.9788	0.9788	0.98	1.0
415.2	0.2561016382480776	0.03023117960877297	0.0	0.9788	0.9788	0.98	1.0
415.7	0.25752066115702477	0.026076765309112217	0.0	0.9788	0.9788	0.98	1.0
416.2	0.2558746736292428	0.028968713789107765	0.0	0.9788	0.9788	0.98	1.0
416.8	0.25322164948453607	0.026762589928057554	0.0	0.9788	0.9788	0.98	1.0
417.3	0.2576433121019108	0.026996305768684285	0.0	0.9788	0.9788	0.98	1.0
417.8	0.2598870056497175	0.030123873873873875	0.0	0.9788	0.9788	0.98	1.0
418.4	0.25583566760037346	0.02982994145525509	0.0	0.9788	0.9788	0.98	1.0
418.9	0.2558282208588957	0.030278007156619872	0.0	0.9788	0.9788	0.98	1.0
419.4	0.25591985428051	0.02920305676855895	0.0	0.9788	0.9788	0.98	1.0
420.0	0.257134274556924	0.02461455233973492	0.0	0.9788	0.9788	0.98	1.0
420.5	0.2557932263814617	0.026598602901665772	0.0	0.9788	0.9788	0.98	1.0
421.0	0.2556701030927835	0.025593175153292454	0.0	0.9788	0.9788	0.98	1.0
421.5	0.2568353694008144	0.029504741833508957	0.0	0.9788	0.9788	0.98	1.0
422.1	0.25144675925925924	0.028810895756940808	0.0	0.9788	0.9788	0.98	1.0
422.6	0.2551487414187643	0.02934302778499091	0.0	0.9788	0.9788	0.98	1.0
423.1	0.2541123085649461	0.02968508002065049	0.0	0.9788	0.9788	0.98	1.0
423.7	0.25400393368923857	0.029275808936825885	0.0	0.9788	0.9788	0.98	1.0
424.2	0.25551521921251047	0.030010172939979655	0.0	0.9788	0.9788	0.98	1.0
424.7	0.25511898173768677	0.029062421026029822	0.0	0.9788	0.9788	0.98	1.0
425.3	0.25596053713346123	0.02769385699899295	0.0	0.9788	0.9788	0.98	1.0
425.8	0.2539509536784741	0.02944111776447106	0.0	0.9788	0.9788	0.98	1.0
426.3	0.25094850948509484	0.027791563275434243	0.0	0.9788	0.9788	0.98	1.0
426.9	0.25328330206378985	0.027346637102734665	0.0	0.9788	0.9788	0.98	1.0
427.4	0.25232898589299974	0.028886168910648716	0.0	0.9788	0.9788	0.98	1.0
427.9	0.2521716241116083	0.027737226277372264	0.0	0.9788	0.9788	0.98	1.0
428.5	0.2553357626236335	0.030033637674195098	0.0	0.9788	0.9788	0.98	1.0
429.0	0.25308641975308643	0.03002144388849178	0.0	0.9788	0.9788	0.98	1.0
429.6	0.2541856925418569	0.028437132784958873	0.0	0.9788	0.9788	0.98	1.0
430.1	0.255	0.029193697868396665	0.0	0.9788	0.9788	0.98	1.0
430.6	0.25325792967789523	0.0283363802559415	0.0	0.9788	0.9788	0.98	1.0
431.2	0.2515071135760791	0.027621827981136313	0.0	0.9788	0.9788	0.98	1.0
431.7	0.25414495499763146	0.027802294792586054	0.0	0.9788	0.9788	0.98	1.0
432.2	0.2527906976744186	0.027126736111111112	0.0	0.9788	0.9788	0.98	1.0
432.8	0.25177223873770865	0.02700385769395628	0.0	0.9788	0.9788	0.98	1.0
433.3	0.25303370786516854	0.025927487352445194	0.0	0.9788	0.9788	0.98	1.0
433.8	0.25364238410596024	0.0291865038294349	0.0	0.9788	0.9788	0.98	1.0
434.4	0.2517331022530329	0.027721157766000815	0.0	0.9788	0.9788	0.98	1.0
434.9	0.25176621708413616	0.027956556717618663	0.0	0.9788	0.9788	0.98	1.0
435.4	0.25293870696893367	0.026560951437066403	0.0	0.9788	0.9788	0.98	1.0
436.0	0.253217102532171	0.02638780297107115	0.0	0.9788	0.9788	0.98	1.0
436.5	0.2505120852109791	0.027622175004829053	0.0	0.9788	0.9788	0.98	1.0
437.0	0.2528898803488136	0.027265745007680493	0.0	0.9788	0.9788	0.98	1.0
437.6	0.25190380761523046	0.0282947208507406	0.0	0.9788	0.9788	0.98	1.0
438.1	0.251494619370267	0.026704545454545453	0.0	0.9788	0.9788	0.98	1.0
438.6	0.2516818361693708	0.026118000751597144	0.0	0.9788	0.9788	0.98	1.0
439.2	0.24945812807881773	0.027684249906472128	0.0	0.9788	0.9788	0.98	1.0
439.7	0.24897240164415738	0.02816113390525923	0.0	0.9788	0.9788	0.98	1.0
440.2	0.25253510140405616	0.027570789865871834	0.0	0.9788	0.9788	0.98	1.0
440.8	0.2505361668941314	0.026252094582014524	0.0	0.9788	0.9788	0.98	1.0
441.3	0.2511167216935327	0.02840170781511045	0.0	0.9788	0.9788	0.98	1.0
441.8	0.24970918960837535	0.029591270575180323	0.0	0.9788	0.9788	0.98	1.0
442.4	0.2508710801393728	0.026896679651270638	0.0	0.9788	0.9788	0.98	1.0
442.9	0.24927424037158893	0.028523800703834045	0.0	0.9788	0.9788	0.98	1.0
443.5	0.2507237984944991	0.030735049064987967	0.0	0.9788	0.9788	0.98	1.0
444.0	0.2500480861704174	0.02722222222222222	0.0	0.9788	0.9788	0.98	1.0
444.5	0.24947145877378435	0.02885682574916759	0.0	0.9788	0.9788	0.98	1.0
445.1	0.2511975474228779	0.027649769585253458	0.0	0.9788	0.9788	0.98	1.0
445.6	0.2501905487804878	0.03151914971596115	0.0	0.9788	0.9788	0.98	1.0
446.1	0.25023553796872056	0.02983445515735856	0.0	0.9788	0.9788	0.98	1.0
446.7	0.24804031354983203	0.028395731597033822	0.0	0.9788	0.9788	0.98	1.0
447.2	0.24935161170804002	0.029475197699496764	0.0	0.9788	0.9788	0.98	1.0
447.7	0.24935779816513762	0.028916090118857547	0.0	0.9788	0.9788	0.98	1.0
448.3	0.24850786760716223	0.02912280701754386	0.0	0.9788	0.9788	0.98	1.0
448.8	0.2500891901534071	0.02925393803011944	0.0	0.9788	0.9788	0.98	1.0
449.3	0.2495171202809482	0.029331514324693043	0.0	0.9788	0.9788	0.98	1.0
449.9	0.24866171645657054	0.027236045729657026	0.0	0.9788	0.9788	0.98	1.0
450.4	0.2502119003220885	0.02888742159128425	0.0	0.9788	0.9788	0.98	1.0
450.9	0.24770642201834864	0.028683181225554105	0.0	0.9788	0.9788	0.98	1.0
451.5	0.24930339288641207	0.027230498157936888	0.0	0.9788	0.9788	0.98	1.0
452.0	0.24754704841563455	0.028310789556464298	0.0	0.9788	0.9788	0.98	1.0
452.6	0.25114806017418845	0.02805766547822043	0.0	0.9788	0.9788	0.98	1.0
453.1	0.24809457147301292	0.026936539339522142	0.0	0.9788	0.9788	0.98	1.0
453.6	0.24708588957055214	0.027911164465786314	0.0	0.9788	0.9788	0.98	1.0
454.2	0.2477769404672193	0.028807800265918157	0.0	0.9788	0.9788	0.98	1.0
454.7	0.24802856717750335	0.027465303140978815	0.0	0.9788	0.9788	0.98	1.0
455.2	0.24816876648110167	0.028022533583706485	0.0	0.9788	0.9788	0.98	1.0
455.8	0.2470605312817535	0.027686599115170542	0.0	0.9788	0.9788	0.98	1.0
456.3	0.24665804225959465	0.02800169707254985	0.0	0.9788	0.9788	0.98	1.0
456.8	0.24718460441910192	0.026049000281610814	0.0	0.9788	0.9788	0.98	1.0
457.4	0.24879977407512002	0.02803347280334728	0.0	0.9788	0.9788	0.98	1.0
457.9	0.2469828795958462	0.028174878556557946	0.0	0.9788	0.9788	0.98	1.0
458.5	0.24674597620713787	0.027754648903691368	0.0	0.9788	0.9788	0.98	1.0
459.0	0.24790969899665552	0.028709454796411318	0.0	0.9788	0.9788	0.98	1.0
459.5	0.24850839461634522	0.02780454232622161	0.0	0.9788	0.9788	0.98	1.0
460.1	0.2480942480942481	0.027617477328936522	0.0	0.9788	0.9788	0.98	1.0
460.6	0.24716459197787	0.028441879637262985	0.0	0.9788	0.9788	0.98	1.0
461.1	0.24703284570797682	0.028830313014827018	0.0	0.9788	0.9788	0.98	1.0
461.7	0.24786442546155965	0.02917808219178082	0.0	0.9788	0.9788	0.98	1.0
462.2	0.24548587181254308	0.028497054391012466	0.0	0.9788	0.9788	0.98	1.0
462.7	0.24693568379011155	0.030145245272677444	0.0	0.9788	0.9788	0.98	1.0
463.3	0.24800988196541313	0.031459444672411435	0.0	0.9788	0.9788	0.98	1.0
463.8	0.24708304735758407	0.029867105082888066	0.0	0.9788	0.9788	0.98	1.0
464.4	0.24835706462212487	0.028727770177838577	0.0	0.9788	0.9788	0.98	1.0
464.9	0.24618528610354223	0.028353326063249727	0.0	0.9788	0.9788	0.98	1.0
465.4	0.24643971246439714	0.029966101694915256	0.0	0.9788	0.9788	0.98	1.0
466.0	0.24515868746637978	0.028967933171651847	0.0	0.9788	0.9788	0.98	1.0
466.5	0.2479593202194567	0.03029490616621984	0.0	0.9788	0.9788	0.98	1.0
467.0	0.24701195219123506	0.030658491069048253	0.0	0.9788	0.9788	0.98	1.0
467.6	0.24673267326732673	0.03074476543864299	0.0	0.9788	0.9788	0.98	1.0
468.1	0.24554973821989529	0.029744669649907872	0.0	0.9788	0.9788	0.98	1.0
468.7	0.24705119896305897	0.02894393741851369	0.0	0.9788	0.9788	0.98	1.0
469.2	0.24633581897660067	0.02973881561934316	0.0	0.9788	0.9788	0.98	1.0
469.7	0.24599338590689393	0.030454254638515674	0.0	0.9788	0.9788	0.98	1.0
470.3	0.2462178517397882	0.030880670987418986	0.0	0.9788	0.9788	0.98	1.0
470.8	0.24600599101347978	0.029845107669059314	0.0	0.9788	0.9788	0.98	1.0
471.3	0.2460435212660732	0.02948894164688242	0.0	0.9788	0.9788	0.98	1.0
471.9	0.24660882316998656	0.03061350450561659	0.0	0.9788	0.9788	0.98	1.0
472.4	0.2451550387596899	0.030046602894285013	0.0	0.9788	0.9788	0.98	1.0
473.0	0.2454326923076923	0.028435440566268	0.0	0.9788	0.9788	0.98	1.0
473.5	0.24517742319599906	0.031136857349746562	0.0	0.9788	0.9788	0.98	1.0
474.0	0.24533648170011807	0.03205741626794258	0.0	0.9788	0.9788	0.98	1.0
474.6	0.24523001287603885	0.030414637044077462	0.0	0.9788	0.9788	0.98	1.0
475.1	0.24599675098630772	0.02944640753828033	0.0	0.9788	0.9788	0.98	1.0
475.6	0.2459431465070779	0.0289193302891933	0.0	0.9788	0.9788	0.98	1.0
476.2	0.24536931168534187	0.031493317838466005	0.0	0.9788	0.9788	0.98	1.0
476.7	0.24650687265704874	0.029854200416570238	0.0	0.9788	0.9788	0.98	1.0
477.3	0.2446351931330472	0.02955381784728611	0.0	0.9788	0.9788	0.98	1.0
477.8	0.24482024862806584	0.029710890183978975	0.0	0.9788	0.9788	0.98	1.0
478.3	0.24509803921568626	0.031072805624858243	0.0	0.9788	0.9788	0.98	1.0
478.9	0.24510129525074725	0.03120054261813249	0.0	0.9788	0.9788	0.98	1.0
479.4	0.2441541332747832	0.031200897867564536	0.0	0.9788	0.9788	0.98	1.0
479.9	0.24450010890873447	0.030427998216674097	0.0	0.9788	0.9788	0.98	1.0
480.5	0.24575262417487284	0.030430452583822064	0.0	0.9788	0.9788	0.98	1.0
481.0	0.2448497854077253	0.030546093835842215	0.0	0.9788	0.9788	0.98	1.0
481.6	0.2443520886615516	0.030994215868165448	0.0	0.9788	0.9788	0.98	1.0
482.1	0.24553807160206992	0.030437608318890814	0.0	0.9788	0.9788	0.98	1.0
482.6	0.2454354669464848	0.031754574811625406	0.0	0.9788	0.9788	0.98	1.0
483.2	0.24322077922077923	0.03113006396588486	0.0	0.9788	0.9788	0.98	1.0
483.7	0.24516596008685762	0.031532009767491244	0.0	0.9788	0.9788	0.98	1.0
484.2	0.2448060587452666	0.03114805850783963	0.0	0.9788	0.9788	0.98	1.0
484.8	0.24464521368388997	0.030663329161451813	0.0	0.9788	0.9788	0.98	1.0
485.3	0.24510595358224016	0.03131805454734004	0.0	0.9788	0.9788	0.98	1.0
485.9	0.24465629703963873	0.03163444639718805	0.0	0.9788	0.9788	0.98	1.0
486.4	0.24422540820390282	0.031086488150200063	0.0	0.9788	0.9788	0.98	1.0
486.9	0.24325659519810294	0.030858539566147265	0.0	0.9788	0.9788	0.98	1.0
487.5	0.24459512578616352	0.030939338608236965	0.0	0.9788	0.9788	0.98	1.0
488.0	0.2446351931330472	0.030626637114648397	0.0	0.9788	0.9788	0.98	1.0
488.6	0.2446447610739556	0.031663326653306616	0.0	0.9788	0.9788	0.98	1.0
489.1	0.24545016851227733	0.03151490974369203	0.0	0.9788	0.9788	0.98	1.0
489.6	0.24481566820276499	0.03250820161049806	0.0	0.9788	0.9788	0.98	1.0
490.2	0.2450596658711217	0.03219096671949287	0.0	0.9788	0.9788	0.98	1.0
490.7	0.24346917450365727	0.031994487103760585	0.0	0.9788	0.9788	0.98	1.0
491.2	0.24355083459787558	0.03137602045834563	0.0	0.9788	0.9788	0.98	1.0
491.8	0.2440751581531489	0.032024287533052594	0.0	0.9788	0.9788	0.98	1.0
492.3	0.24456163480553725	0.03201488153514784	0.0	0.9788	0.9788	0.98	1.0
492.9	0.24434219175509436	0.031586152943477414	0.0	0.9788	0.9788	0.98	1.0
493.4	0.24300732119391777	0.030456852791878174	0.0	0.9788	0.9788	0.98	1.0
493.9	0.24315710536182977	0.0317227916056613	0.0	0.9788	0.9788	0.98	1.0
494.5	0.24412177985948477	0.033271538686701144	0.0	0.9788	0.9788	0.98	1.0
495.0	0.24406270534121843	0.03178484107579462	0.0	0.9788	0.9788	0.98	1.0
495.6	0.24372188905547226	0.03167465050347053	0.0	0.9788	0.9788	0.98	1.0
496.1	0.24371010138941043	0.032318088336108115	0.0	0.9788	0.9788	0.98	1.0
496.6	0.24375352244974638	0.032770800627943485	0.0	0.9788	0.9788	0.98	1.0
497.2	0.2442898768681267	0.033147004020790426	0.0	0.9788	0.9788	0.98	1.0
497.7	0.2440258644925499	0.032270720941638055	0.0	0.9788	0.9788	0.98	1.0
498.2	0.2434365295944293	0.033899970521764765	0.0	0.9788	0.9788	0.98	1.0
498.8	0.2438082681985121	0.034122287968441814	0.0	0.9788	0.9788	0.98	1.0
499.3	0.24405600977351752	0.03303185214313802	0.0	0.9788	0.9788	0.98	1.0
499.9	0.2430959984970881	0.03312039312039312	0.0	0.9788	0.9788	0.98	1.0
500.4	0.24301518844927808	0.03259695630829652	0.0	0.9788	0.9788	0.98	1.0
500.9	0.24439252336448597	0.03299716048173896	0.0	0.9788	0.9788	0.98	1.0
501.5	0.2441222934671499	0.0344458499562129	0.0	0.9788	0.9788	0.98	1.0
502.0	0.24460630647243223	0.033614259420711036	0.0	0.9788	0.9788	0.98	1.0
502.6	0.2420463922251765	0.034151034151034154	0.0	0.9788	0.9788	0.98	1.0
503.1	0.24406440462112253	0.03411697247706422	0.0	0.9788	0.9788	0.98	1.0
503.6	0.24343352288112646	0.033298548524807896	0.0	0.9788	0.9788	0.98	1.0
504.2	0.24302575107296137	0.03376281388131289	0.0	0.9788	0.9788	0.98	1.0
504.7	0.24378153492077542	0.03389514852407114	0.0	0.9788	0.9788	0.98	1.0
505.2	0.24436650591845682	0.035384331116038434	0.0	0.9788	0.9788	0.98	1.0
505.8	0.24428608672981664	0.034047226798462386	0.0	0.9788	0.9788	0.98	1.0
506.3	0.24320850115691148	0.03516861043305307	0.0	0.9788	0.9788	0.98	1.0
506.9	0.24276772119776688	0.03344929087503345	0.0	0.9788	0.9788	0.98	1.0
507.4	0.24341227484989994	0.033717756844792675	0.0	0.9788	0.9788	0.98	1.0
507.9	0.24358445416288474	0.033981005489239345	0.0	0.9788	0.9788	0.98	1.0
508.5	0.24366598778004073	0.0347114556416882	0.0	0.9788	0.9788	0.98	1.0
509.0	0.24347127360385698	0.034010713374713036	0.0	0.9788	0.9788	0.98	1.0
509.6	0.2433097752719765	0.03452040987737275	0.0	0.9788	0.9788	0.98	1.0
510.1	0.24350011782263767	0.0337798485730926	0.0	0.9788	0.9788	0.98	1.0
510.6	0.24344918746598243	0.03408248950358113	0.0	0.9788	0.9788	0.98	1.0
511.2	0.24270873412851096	0.034589655735030186	0.0	0.9788	0.9788	0.98	1.0
511.7	0.24347958330165007	0.033884630899556276	0.0	0.9788	0.9788	0.98	1.0
512.2	0.24334514742477942	0.033360064153969526	0.0	0.9788	0.9788	0.98	1.0
512.8	0.24323718427738752	0.033616784550584124	0.0	0.9788	0.9788	0.98	1.0
513.3	0.24335135935995258	0.034341524889729046	0.0	0.9788	0.9788	0.98	1.0
513.9	0.24249797242497972	0.03477715986527767	0.0	0.9788	0.9788	0.98	1.0
514.4	0.24327493952942902	0.03409268216570448	0.0	0.9788	0.9788	0.98	1.0
514.9	0.24283735510680177	0.034694194349580876	0.0	0.9788	0.9788	0.98	1.0
515.5	0.2426887821911829	0.034012551328736346	0.0	0.9788	0.9788	0.98	1.0
516.0	0.2430646332607117	0.035504331683168314	0.0	0.9788	0.9788	0.98	1.0
516.6	0.24260698975514058	0.035586912699643355	0.0	0.9788	0.9788	0.98	1.0
517.1	0.24314096499526963	0.0343890700201832	0.0	0.9788	0.9788	0.98	1.0
517.6	0.24289462177525142	0.03531974482651315	0.0	0.9788	0.9788	0.98	1.0
518.2	0.24355321791219228	0.035182151493876275	0.0	0.9788	0.9788	0.98	1.0
518.7	0.243138402986167	0.03542383484516735	0.0	0.9788	0.9788	0.98	1.0
519.3	0.2421501580998603	0.03595540901240383	0.0	0.9788	0.9788	0.98	1.0
519.8	0.24195338512763595	0.03575666482082114	0.0	0.9788	0.9788	0.98	1.0
520.3	0.24197384066587396	0.03565175871399013	0.0	0.9788	0.9788	0.98	1.0
520.9	0.24304778945798852	0.036830357142857144	0.0	0.9788	0.9788	0.98	1.0
521.4	0.24202008092312302	0.03598909907021481	0.0	0.9788	0.9788	0.98	1.0
521.9	0.24315377670779417	0.036168841630417274	0.0	0.9788	0.9788	0.98	1.0
522.5	0.24364791288566243	0.03669799092676604	0.0	0.9788	0.9788	0.98	1.0
523.0	0.24256031661465866	0.036460032626427406	0.0	0.9788	0.9788	0.98	1.0
523.6	0.2424612565844721	0.03769111274630038	0.0	0.9788	0.9788	0.98	1.0
524.1	0.24286368493359792	0.03672200866933835	0.0	0.9788	0.9788	0.98	1.0
524.6	0.24270729653165915	0.03692762186115214	0.0	0.9788	0.9788	0.98	1.0
525.2	0.24298850574712644	0.0383478403678765	0.0	0.9788	0.9788	0.98	1.0
525.7	0.24252390057361375	0.037848932676518884	0.0	0.9788	0.9788	0.98	1.0
526.3	0.24314442413162707	0.03768803139306737	0.0	0.9788	0.9788	0.98	1.0
526.8	0.24310148232611176	0.03794679288395626	0.0	0.9788	0.9788	0.98	1.0
527.3	0.24282142586559588	0.03785720100952536	0.0	0.9788	0.9788	0.98	1.0
527.9	0.2421155877470952	0.03791315618924174	0.0	0.9788	0.9788	0.98	1.0
528.4	0.24213293278257605	0.037912398160845365	0.0	0.9788	0.9788	0.98	1.0
528.9	0.24252144722118613	0.03801334083420397	0.0	0.9788	0.9788	0.98	1.0
529.5	0.24320309017976527	0.037551933525087886	0.0	0.9788	0.9788	0.98	1.0
530.0	0.24243539718766105	0.03747425130724132	0.0	0.9788	0.9788	0.98	1.0
530.6	0.24314843236132427	0.03742432581177765	0.0	0.9788	0.9788	0.98	1.0
531.1	0.24289855072463767	0.03840749414519906	0.0	0.9788	0.9788	0.98	1.0
531.6	0.24260482481332568	0.03745260388454693	0.0	0.9788	0.9788	0.98	1.0
532.2	0.24239401496259352	0.03824591045234621	0.0	0.9788	0.9788	0.98	1.0
532.7	0.24264395325918625	0.03821898032064433	0.0	0.9788	0.9788	0.98	1.0
533.3	0.24242846202046925	0.03873054072347146	0.0	0.9788	0.9788	0.98	1.0
533.8	0.24259783283870523	0.039149888143176735	0.0	0.9788	0.9788	0.98	1.0
534.3	0.24258337311600628	0.03961345529654765	0.0	0.9788	0.9788	0.98	1.0
534.9	0.24273550479794567	0.03899518037096539	0.0	0.9788	0.9788	0.98	1.0
535.4	0.24369579719813209	0.03923265541612578	0.0	0.9788	0.9788	0.98	1.0
536.0	0.2421658072193574	0.038989841178995566	0.0	0.9788	0.9788	0.98	1.0
536.5	0.24249770672257895	0.039301929625425655	0.0	0.9788	0.9788	0.98	1.0
537.0	0.24220016864500227	0.0395706167122711	0.0	0.9788	0.9788	0.98	1.0
537.6	0.2421377580551804	0.038332868692500695	0.0	0.9788	0.9788	0.98	1.0
538.1	0.24186758515116724	0.03933245620109411	0.0	0.9788	0.9788	0.98	1.0
538.6	0.24174155170231615	0.039280318637549785	0.0	0.9788	0.9788	0.98	1.0
539.2	0.24284638554216867	0.0394108823128324	0.0	0.9788	0.9788	0.98	1.0
539.7	0.2419294528231335	0.039182513365365094	0.0	0.9788	0.9788	0.98	1.0
540.3	0.24210656907139755	0.03906091884233961	0.0	0.9788	0.9788	0.98	1.0
540.8	0.24222989639861864	0.03860615012756815	0.0	0.9788	0.9788	0.98	1.0
541.3	0.24252471296125744	0.038731218697829715	0.0	0.9788	0.9788	0.98	1.0
541.9	0.2418348623853211	0.03883753408259626	0.0	0.9788	0.9788	0.98	1.0
542.4	0.24236140757455632	0.039503386004514675	0.0	0.9788	0.9788	0.98	1.0
543.0	0.24253118344995436	0.03949373798953018	0.0	0.9788	0.9788	0.98	1.0
543.5	0.24242608220508774	0.04001587406574509	0.0	0.9788	0.9788	0.98	1.0
544.0	0.2420030349013657	0.03921698300376959	0.0	0.9788	0.9788	0.98	1.0
544.6	0.2429838415745353	0.03975352812562115	0.0	0.9788	0.9788	0.98	1.0
545.1	0.2423489485485728	0.04025381717231807	0.0	0.9788	0.9788	0.98	1.0
545.6	0.24233035660044955	0.04029959567839862	0.0	0.9788	0.9788	0.98	1.0
546.2	0.24270194817017662	0.040617545719586534	0.0	0.9788	0.9788	0.98	1.0
546.7	0.24254207424509386	0.040074309978768576	0.0	0.9788	0.9788	0.98	1.0
547.3	0.2428588792998663	0.04021767985134059	0.0	0.9788	0.9788	0.98	1.0
547.8	0.24251824817518247	0.04055311793644462	0.0	0.9788	0.9788	0.98	1.0
548.3	0.24315757391039317	0.040927876283162246	0.0	0.9788	0.9788	0.98	1.0
548.9	0.24271844660194175	0.04033658341124616	0.0	0.9788	0.9788	0.98	1.0
549.4	0.242329788534409	0.0399812796683827	0.0	0.9788	0.9788	0.98	1.0
550.0	0.24239642616730922	0.04032420121910376	0.0	0.9788	0.9788	0.98	1.0
550.5	0.24266552336620323	0.04135111587695195	0.0	0.9788	0.9788	0.98	1.0
551.0	0.2419740961266957	0.04053236539624924	0.0	0.9788	0.9788	0.98	1.0
551.6	0.24220858895705522	0.041518307020490426	0.0	0.9788	0.9788	0.98	1.0
552.1	0.24268862128287047	0.04122600202088245	0.0	0.9788	0.9788	0.98	1.0
552.6	0.24235727440147328	0.04117250673854447	0.0	0.9788	0.9788	0.98	1.0
553.2	0.2426837533115643	0.04263225457739342	0.0	0.9788	0.9788	0.98	1.0
553.7	0.24278417133362054	0.04205765206237764	0.0	0.9788	0.9788	0.98	1.0
554.3	0.24292220580994583	0.04228872525839357	0.0	0.9788	0.9788	0.98	1.0
554.8	0.2422341145352771	0.042063331307811765	0.0	0.9788	0.9788	0.98	1.0
555.3	0.24207421971000245	0.042501517911353974	0.0	0.9788	0.9788	0.98	1.0
555.9	0.24236652945874546	0.042161359956826766	0.0	0.9788	0.9788	0.98	1.0
556.4	0.24201639544842776	0.04286770140428677	0.0	0.9788	0.9788	0.98	1.0
556.9	0.2429006703229738	0.04215252647098244	0.0	0.9788	0.9788	0.98	1.0
557.5	0.24197080291970802	0.04258738449176376	0.0	0.9788	0.9788	0.98	1.0
558.0	0.2421818181818182	0.04292103330885789	0.0	0.9788	0.9788	0.98	1.0
558.6	0.24219551959422742	0.042379083227995475	0.0	0.9788	0.9788	0.98	1.0
559.1	0.2420912822989616	0.043065062803216585	0.0	0.9788	0.9788	0.98	1.0
559.6	0.24285714285714285	0.0433459069551982	0.0	0.9788	0.9788	0.98	1.0
560.2	0.24269407757126635	0.04281949934123847	0.0	0.9788	0.9788	0.98	1.0
560.7	0.24253242889444246	0.04330992847299692	0.0	0.9788	0.9788	0.98	1.0
561.3	0.2426470588235294	0.043239353699221564	0.0	0.9788	0.9788	0.98	1.0
561.8	0.24249408983451537	0.043041606886657105	0.0	0.9788	0.9788	0.98	1.0
562.3	0.24310010004119342	0.043551742069682785	0.0	0.9788	0.9788	0.98	1.0
562.9	0.24247756466654935	0.043438796680497924	0.0	0.9788	0.9788	0.98	1.0
563.4	0.2426719607614154	0.043559628291171916	0.0	0.9788	0.9788	0.98	1.0
563.9	0.24246487494898852	0.04420957659341367	0.0	0.9788	0.9788	0.98	1.0
564.5	0.24287455738085564	0.044365971107544144	0.0	0.9788	0.9788	0.98	1.0
565.0	0.24221192819918935	0.0439905231478517	0.0	0.9788	0.9788	0.98	1.0
565.6	0.24266404805914973	0.04401509820229032	0.0	0.9788	0.9788	0.98	1.0
566.1	0.24234384912624718	0.043328441069491415	0.0	0.9788	0.9788	0.98	1.0
566.6	0.24255686726173337	0.04407168824542382	0.0	0.9788	0.9788	0.98	1.0
567.2	0.24228137756568735	0.04381049414161997	0.0	0.9788	0.9788	0.98	1.0
567.7	0.24268720188494913	0.044035177160336475	0.0	0.9788	0.9788	0.98	1.0
568.2	0.2419022547785281	0.044255642911488716	0.0	0.9788	0.9788	0.98	1.0
568.8	0.24239995419934734	0.044265210212117365	0.0	0.9788	0.9788	0.98	1.0
569.3	0.24250727864360336	0.044677888874825974	0.0	0.9788	0.9788	0.98	1.0
569.9	0.2430456388873022	0.04485270826734242	0.0	0.9788	0.9788	0.98	1.0
570.4	0.24203312392918333	0.04464172479391249	0.0	0.9788	0.9788	0.98	1.0
570.9	0.2423655423883318	0.04472136124992093	0.0	0.9788	0.9788	0.98	1.0
571.5	0.24247938584020473	0.04517311094263331	0.0	0.9788	0.9788	0.98	1.0
572.0	0.2420801635063018	0.0452540022690029	0.0	0.9788	0.9788	0.98	1.0
572.5	0.24245860739396688	0.04571500535230779	0.0	0.9788	0.9788	0.98	1.0
573.1	0.24209335219236208	0.045637415137037965	0.0	0.9788	0.9788	0.98	1.0
573.6	0.24263627130120755	0.04549442286000752	0.0	0.9788	0.9788	0.98	1.0
574.1	0.24308956820356922	0.04553426030314418	0.0	0.9788	0.9788	0.98	1.0
574.7	0.2425127830533236	0.04562761375694401	0.0	0.9788	0.9788	0.98	1.0
575.2	0.24245647427643732	0.04518297236743839	0.0	0.9788	0.9788	0.98	1.0
575.8	0.2424597201315716	0.045615341649599704	0.0	0.9788	0.9788	0.98	1.0
576.3	0.24210409252669038	0.045510835913312696	0.0	0.9788	0.9788	0.98	1.0
576.8	0.2428539773986262	0.04622886063448957	0.0	0.9788	0.9788	0.98	1.0
577.4	0.24257316399779127	0.04697202582231786	0.0	0.9788	0.9788	0.98	1.0
577.9	0.2427243219453155	0.04647455548743103	0.0	0.9788	0.9788	0.98	1.0
578.4	0.24211101996171724	0.04637981472452462	0.0	0.9788	0.9788	0.98	1.0
579.0	0.2429769163763066	0.04652575315840622	0.0	0.9788	0.9788	0.98	1.0
579.5	0.24292836241465265	0.04653555219364599	0.0	0.9788	0.9788	0.98	1.0
580.1	0.24220986120861912	0.04660557096346316	0.0	0.9788	0.9788	0.98	1.0
580.6	0.24270542801973827	0.046195326542840025	0.0	0.9788	0.9788	0.98	1.0
581.1	0.24326635314236852	0.047744091668656	0.0	0.9788	0.9788	0.98	1.0
581.7	0.24220827571534942	0.04708120318630365	0.0	0.9788	0.9788	0.98	1.0
582.2	0.2426245109442741	0.04712072839068227	0.0	0.9788	0.9788	0.98	1.0
582.7	0.24197036021306892	0.04707409155261916	0.0	0.9788	0.9788	0.98	1.0
583.3	0.2420465898932534	0.04751823100446954	0.0	0.9788	0.9788	0.98	1.0
583.8	0.24263513159960232	0.04792875139157438	0.0	0.9788	0.9788	0.98	1.0
584.3	0.24237844598467873	0.047024504084014006	0.0	0.9788	0.9788	0.98	1.0
584.9	0.2429707395665506	0.04807916181606519	0.0	0.9788	0.9788	0.98	1.0
585.4	0.24268823895457373	0.04819696881714186	0.0	0.9788	0.9788	0.98	1.0
586.0	0.2431078988125968	0.04817813765182186	0.0	0.9788	0.9788	0.98	1.0
586.5	0.2426534918429314	0.04849884526558892	0.0	0.9788	0.9788	0.98	1.0
587.0	0.24295666427620122	0.047753131823928284	0.0	0.9788	0.9788	0.98	1.0
587.6	0.2426102076301524	0.04794992534742162	0.0	0.9788	0.9788	0.98	1.0
588.1	0.24260505915952674	0.04826243773973779	0.0	0.9788	0.9788	0.98	1.0
588.6	0.24253236823325516	0.04896626768226333	0.0	0.9788	0.9788	0.98	1.0
589.2	0.24289129660715195	0.04854368932038835	0.0	0.9788	0.9788	0.98	1.0
589.7	0.24241962517141552	0.04836869723933379	0.0	0.9788	0.9788	0.98	1.0
590.2	0.24303476275057093	0.0490916339199271	0.0	0.9788	0.9788	0.98	1.0
590.8	0.242050187950828	0.048838934215781366	0.0	0.9788	0.9788	0.98	1.0
591.3	0.24292177095511616	0.04870389402763504	0.0	0.9788	0.9788	0.98	1.0
591.9	0.2422177009155646	0.049040876912537106	0.0	0.9788	0.9788	0.98	1.0
592.4	0.24265117937745173	0.048869814020028615	0.0	0.9788	0.9788	0.98	1.0
592.9	0.2421938775510204	0.04910330602188735	0.0	0.9788	0.9788	0.98	1.0
593.5	0.2424815875613748	0.0485843909722621	0.0	0.9788	0.9788	0.98	1.0
594.0	0.24289670735460048	0.04889989632530815	0.0	0.9788	0.9788	0.98	1.0
594.5	0.24293059125964012	0.04965931400854602	0.0	0.9788	0.9788	0.98	1.0
595.1	0.24295156459774864	0.04940562481878805	0.0	0.9788	0.9788	0.98	1.0
595.6	0.24256886444986253	0.04987182474947564	0.0	0.9788	0.9788	0.98	1.0
596.1	0.24294108470698353	0.05012267788293025	0.0	0.9788	0.9788	0.98	1.0
596.7	0.24223926540407992	0.050459521161388514	0.0	0.9788	0.9788	0.98	1.0
597.2	0.24322344322344322	0.049679581398083365	0.0	0.9788	0.9788	0.98	1.0
597.7	0.24261193638129233	0.04987325355184814	0.0	0.9788	0.9788	0.98	1.0
598.3	0.2430142609061727	0.05080940564811533	0.0	0.9788	0.9788	0.98	1.0
598.8	0.2424162490108151	0.05075510808409831	0.0	0.9788	0.9788	0.98	1.0
599.3	0.24263302946788212	0.05081820886640881	0.0	0.9788	0.9788	0.98	1.0
599.9	0.24297274275979558	0.05065486513964476	0.0	0.9788	0.9788	0.98	1.0
600.4	0.24248732319188684	0.0509378558159046	0.0	0.9788	0.9788	0.98	1.0
601.0	0.24263014284949977	0.05071810588305991	0.0	0.9788	0.9788	0.98	1.0
601.5	0.2427392562426321	0.05039692085638682	0.0	0.9788	0.9788	0.98	1.0
602.0	0.2432606594350768	0.05114287437428382	0.0	0.9788	0.9788	0.98	1.0
602.6	0.24315472994738538	0.05075040684708577	0.0	0.9788	0.9788	0.98	1.0
603.1	0.2422680412371134	0.05112745689135415	0.0	0.9788	0.9788	0.98	1.0
603.6	0.2429981757699324	0.051033319274567696	0.0	0.9788	0.9788	0.98	1.0
604.2	0.2425268817204301	0.05144616870961898	0.0	0.9788	0.9788	0.98	1.0
604.7	0.24217577706323687	0.051877708233028404	0.0	0.9788	0.9788	0.98	1.0
605.2	0.242526518804243	0.05184026942506615	0.0	0.9788	0.9788	0.98	1.0
605.8	0.24292818565852092	0.052100840336134456	0.0	0.9788	0.9788	0.98	1.0
606.3	0.24234503360716952	0.05218068535825545	0.0	0.9788	0.9788	0.98	1.0
606.8	0.24304593413620376	0.05239520958083832	0.0	0.9788	0.9788	0.98	1.0
607.4	0.2428291182864111	0.05196043379811703	0.0	0.9788	0.9788	0.98	1.0
607.9	0.2428646934460888	0.05254408359555899	0.0	0.9788	0.9788	0.98	1.0
608.4	0.24298130102712667	0.052086416099437705	0.0	0.9788	0.9788	0.98	1.0
609.0	0.24232243162370729	0.05259433962264151	0.0	0.9788	0.9788	0.98	1.0
609.5	0.24241155536947875	0.051817433243147866	0.0	0.9788	0.9788	0.98	1.0
610.0	0.24300380426285892	0.05240635441702327	0.0	0.9788	0.9788	0.98	1.0
610.6	0.24265890546229407	0.05282533746274762	0.0	0.9788	0.9788	0.98	1.0
611.1	0.24274856522413527	0.052714169475764266	0.0	0.9788	0.9788	0.98	1.0
611.6	0.2435390227611365	0.054163298302344384	0.0	0.9788	0.9788	0.98	1.0
612.2	0.2427855096193205	0.05318231472431438	0.0	0.9788	0.9788	0.98	1.0
612.7	0.24298970123381258	0.0530871983030442	0.0	0.9788	0.9788	0.98	1.0
613.2	0.2425747592498733	0.05360906967469948	0.0	0.9788	0.9788	0.98	1.0
613.8	0.24283483604493022	0.05378779300192504	0.0	0.9788	0.9788	0.98	1.0
614.3	0.24261096082556857	0.0535653937140926	0.0	0.9788	0.9788	0.98	1.0
614.8	0.24204902890808327	0.05398269857319402	0.0	0.9788	0.9788	0.98	1.0
615.4	0.24280833787196118	0.053990871646443284	0.0	0.9788	0.9788	0.98	1.0
615.9	0.2427967351755335	0.05365341003374081	0.0	0.9788	0.9788	0.98	1.0
616.4	0.24358661128756415	0.05393962720624622	0.0	0.9788	0.9788	0.98	1.0
617.0	0.24314868804664724	0.053356658648589544	0.0	0.9788	0.9788	0.98	1.0
617.5	0.24308243034055727	0.05489299134128411	0.0	0.9788	0.9788	0.98	1.0
618.0	0.24297988767820286	0.05375472717450027	0.0	0.9788	0.9788	0.98	1.0
618.6	0.24287072243346008	0.05467956598428564	0.0	0.9788	0.9788	0.98	1.0
619.1	0.24302901627742393	0.0543351374296933	0.0	0.9788	0.9788	0.98	1.0
619.6	0.24347662849633941	0.05461652229030214	0.0	0.9788	0.9788	0.98	1.0
620.2	0.24303491827637444	0.05415011499059168	0.0	0.9788	0.9788	0.98	1.0
620.7	0.24286109064112013	0.05448983824139361	0.0	0.9788	0.9788	0.98	1.0
621.2	0.2428839036871202	0.05497839950627443	0.0	0.9788	0.9788	0.98	1.0
621.8	0.24358566822578448	0.05452685421994885	0.0	0.9788	0.9788	0.98	1.0
622.3	0.2433468651330627	0.054982468621373036	0.0	0.9788	0.9788	0.98	1.0
622.8	0.24331466965285553	0.054928441846401936	0.0	0.9788	0.9788	0.98	1.0
623.4	0.2427673516694156	0.055003512998092946	0.0	0.9788	0.9788	0.98	1.0
623.9	0.24355275422788406	0.05584973523828554	0.0	0.9788	0.9788	0.98	1.0
624.4	0.24335911602209945	0.055386912167205773	0.0	0.9788	0.9788	0.98	1.0
625.0	0.24315868329440796	0.054874720912924835	0.0	0.9788	0.9788	0.98	1.0
625.5	0.24292193210338603	0.05550319924606914	0.0	0.9788	0.9788	0.98	1.0
626.0	0.24316483516483517	0.05568479928723457	0.0	0.9788	0.9788	0.98	1.0
626.6	0.24375685758174237	0.05611262040009879	0.0	0.9788	0.9788	0.98	1.0
627.1	0.24319929685783345	0.055833292085333865	0.0	0.9788	0.9788	0.98	1.0
627.6	0.2437439634735271	0.05537684960657198	0.0	0.9788	0.9788	0.98	1.0
628.2	0.24304976063946593	0.056116389548693586	0.0	0.9788	0.9788	0.98	1.0
628.7	0.2432610413556941	0.05594820343004003	0.0	0.9788	0.9788	0.98	1.0
629.2	0.24312571378371256	0.05605580843063527	0.0	0.9788	0.9788	0.98	1.0
629.8	0.2433836804791052	0.05604602717984327	0.0	0.9788	0.9788	0.98	1.0
630.3	0.24325040873138615	0.05642071744862928	0.0	0.9788	0.9788	0.98	1.0
630.8	0.24319539721177252	0.05637523676602532	0.0	0.9788	0.9788	0.98	1.0
631.4	0.24332133173311998	0.05639587298407293	0.0	0.9788	0.9788	0.98	1.0
631.9	0.24313340181322854	0.0564499899376132	0.0	0.9788	0.9788	0.98	1.0
632.4	0.24308575014568112	0.056431241790441546	0.0	0.9788	0.9788	0.98	1.0
632.9	0.2434077079107505	0.05697455948814299	0.0	0.9788	0.9788	0.98	1.0
633.5	0.2434133091896786	0.05730892775200122	0.0	0.9788	0.9788	0.98	1.0
634.0	0.24286233860701945	0.05702293202293202	0.0	0.9788	0.9788	0.98	1.0
634.5	0.2431268328445748	0.05726826749289956	0.0	0.9788	0.9788	0.98	1.0
635.1	0.24339110845478368	0.057596770854895465	0.0	0.9788	0.9788	0.98	1.0
635.6	0.2431884191600203	0.05783107511810206	0.0	0.9788	0.9788	0.98	1.0
636.1	0.24314925580748364	0.05761402776328149	0.0	0.9788	0.9788	0.98	1.0
636.7	0.2424780414875724	0.057690283187703965	0.0	0.9788	0.9788	0.98	1.0
637.2	0.24301125703564727	0.05820832452989647	0.0	0.9788	0.9788	0.98	1.0
637.7	0.24300518134715027	0.05817101003131469	0.0	0.9788	0.9788	0.98	1.0
638.3	0.2435539575152576	0.058347098630574946	0.0	0.9788	0.9788	0.98	1.0
638.8	0.24343732166634963	0.058653382612887675	0.0	0.9788	0.9788	0.98	1.0
639.3	0.24347909017214248	0.058479218129094616	0.0	0.9788	0.9788	0.98	1.0
639.8	0.24367331288343558	0.05889656661628158	0.0	0.9788	0.9788	0.98	1.0
640.4	0.24341725927349606	0.05908155529080472	0.0	0.9788	0.9788	0.98	1.0
640.9	0.24362619885295678	0.058922558922558925	0.0	0.9788	0.9788	0.98	1.0
641.4	0.24330324822626576	0.05901532442125856	0.0	0.9788	0.9788	0.98	1.0
642.0	0.24344877694356987	0.058730418645270455	0.0	0.9788	0.9788	0.98	1.0
642.5	0.24253314554902627	0.05930626983258562	0.0	0.9788	0.9788	0.98	1.0
643.0	0.24289116803577504	0.05950295598861397	0.0	0.9788	0.9788	0.98	1.0
643.6	0.24349433338197382	0.05965566399824542	0.0	0.9788	0.9788	0.98	1.0
644.1	0.24338804734304223	0.05960810143257039	0.0	0.9788	0.9788	0.98	1.0
644.6	0.24330639665076428	0.05928160131615026	0.0	0.9788	0.9788	0.98	1.0
645.1	0.24367860978229033	0.059752407152682256	0.0	0.9788	0.9788	0.98	1.0
645.7	0.24306299289261027	0.060117382480390544	0.0	0.9788	0.9788	0.98	1.0
646.2	0.24309042164270045	0.060078051998021215	0.0	0.9788	0.9788	0.98	1.0
646.7	0.2428919182083739	0.060978284711559555	0.0	0.9788	0.9788	0.98	1.0
647.3	0.2436852095196379	0.06070252469813392	0.0	0.9788	0.9788	0.98	1.0
647.8	0.2436880947756846	0.06037549947999343	0.0	0.9788	0.9788	0.98	1.0
648.3	0.24347404172731685	0.06109377566102808	0.0	0.9788	0.9788	0.98	1.0
648.9	0.2432837988285977	0.06123785612924353	0.0	0.9788	0.9788	0.98	1.0
649.4	0.24329677762210736	0.060416212682501635	0.0	0.9788	0.9788	0.98	1.0
649.9	0.2435340667824744	0.06088139281828074	0.0	0.9788	0.9788	0.98	1.0
650.4	0.24356816542438087	0.061086095589431996	0.0	0.9788	0.9788	0.98	1.0
651.0	0.2437574886173017	0.06101383484651967	0.0	0.9788	0.9788	0.98	1.0
651.5	0.2436075132629164	0.06136424912375303	0.0	0.9788	0.9788	0.98	1.0
652.0	0.24340287701247976	0.06176755187614235	0.0	0.9788	0.9788	0.98	1.0
652.6	0.24347908564924595	0.0612354137672626	0.0	0.9788	0.9788	0.98	1.0
653.1	0.24350004727238347	0.061453109996799316	0.0	0.9788	0.9788	0.98	1.0
653.6	0.24335012475872134	0.06156706507304117	0.0	0.9788	0.9788	0.98	1.0
654.1	0.2436500470366886	0.06183980041403472	0.0	0.9788	0.9788	0.98	1.0
654.7	0.24352258909363014	0.06211705049651384	0.0	0.9788	0.9788	0.98	1.0
655.2	0.24323190904431294	0.062158182583087924	0.0	0.9788	0.9788	0.98	1.0
655.7	0.24397268546476517	0.0625	0.0	0.9788	0.9788	0.98	1.0
656.3	0.2433183565704757	0.06251961912734122	0.0	0.9788	0.9788	0.98	1.0
656.8	0.24338770620219335	0.0628381190178943	0.0	0.9788	0.9788	0.98	1.0
657.3	0.24387666007995956	0.06286663551887037	0.0	0.9788	0.9788	0.98	1.0
657.8	0.24305396621961825	0.06228337902850344	0.0	0.9788	0.9788	0.98	1.0
658.4	0.24372580277841038	0.06240675001286207	0.0	0.9788	0.9788	0.98	1.0
658.9	0.24317336478272703	0.06272741249423461	0.0	0.9788	0.9788	0.98	1.0
659.4	0.24350192787480154	0.06316598360655738	0.0	0.9788	0.9788	0.98	1.0
659.9	0.24360596475372798	0.06288312219043728	0.0	0.9788	0.9788	0.98	1.0
660.5	0.24352845675115	0.06297768266585142	0.0	0.9788	0.9788	0.98	1.0
661.0	0.24343675417661098	0.06308553971486762	0.0	0.9788	0.9788	0.98	1.0
661.5	0.24376208245290654	0.06326281529698942	0.0	0.9788	0.9788	0.98	1.0
662.1	0.24386303460036798	0.06396469514050929	0.0	0.9788	0.9788	0.98	1.0
662.6	0.2439417693169093	0.06347839302902883	0.0	0.9788	0.9788	0.98	1.0
663.1	0.2438380675464102	0.06376518218623482	0.0	0.9788	0.9788	0.98	1.0
663.6	0.24391333482242572	0.06410062130625853	0.0	0.9788	0.9788	0.98	1.0
664.2	0.2434895251708581	0.06377602587426723	0.0	0.9788	0.9788	0.98	1.0
664.7	0.2435302516509013	0.06419379258137775	0.0	0.9788	0.9788	0.98	1.0
665.2	0.24327334283677834	0.06433749496576721	0.0	0.9788	0.9788	0.98	1.0
665.7	0.24389047449161613	0.06451287228672388	0.0	0.9788	0.9788	0.98	1.0
666.3	0.24373047746541723	0.06425865117453902	0.0	0.9788	0.9788	0.98	1.0
666.8	0.2434425130702891	0.06490944045330366	0.0	0.9788	0.9788	0.98	1.0
667.3	0.24350779957985072	0.06448347421167182	0.0	0.9788	0.9788	0.98	1.0
667.8	0.24343046120843762	0.06506572295247726	0.0	0.9788	0.9788	0.98	1.0
668.4	0.24335332557514994	0.0655015197568389	0.0	0.9788	0.9788	0.98	1.0
668.9	0.24329527647190508	0.06543003395671786	0.0	0.9788	0.9788	0.98	1.0
669.4	0.2433959725523613	0.06530467042740255	0.0	0.9788	0.9788	0.98	1.0
669.9	0.2437137330754352	0.06519303249465214	0.0	0.9788	0.9788	0.98	1.0
670.5	0.24353778258128433	0.06603436846667686	0.0	0.9788	0.9788	0.98	1.0
671.0	0.24375957465981796	0.06587346167594342	0.0	0.9788	0.9788	0.98	1.0
671.5	0.24323471044560707	0.06603002757634563	0.0	0.9788	0.9788	0.98	1.0
672.0	0.2434278991900819	0.06591095609355765	0.0	0.9788	0.9788	0.98	1.0
672.6	0.2435263706861367	0.06596740192297805	0.0	0.9788	0.9788	0.98	1.0
673.1	0.2438670475672244	0.06648498560263266	0.0	0.9788	0.9788	0.98	1.0
673.6	0.243631079424186	0.06605863863554387	0.0	0.9788	0.9788	0.98	1.0
674.1	0.24369939041033573	0.0659817233723992	0.0	0.9788	0.9788	0.98	1.0
674.7	0.24349569417232422	0.06670111082407647	0.0	0.9788	0.9788	0.98	1.0
675.2	0.24327287678742748	0.0661688446380419	0.0	0.9788	0.9788	0.98	1.0
675.7	0.24373430723579093	0.06671846671846672	0.0	0.9788	0.9788	0.98	1.0
676.2	0.24334478808705612	0.0671866874674987	0.0	0.9788	0.9788	0.98	1.0
676.8	0.24382532190807862	0.06715252472670484	0.0	0.9788	0.9788	0.98	1.0
677.3	0.2435314122891677	0.06716768435885392	0.0	0.9788	0.9788	0.98	1.0
677.8	0.2435738262748885	0.06799310668964437	0.0	0.9788	0.9788	0.98	1.0
678.3	0.2435613403489338	0.0674116042387997	0.0	0.9788	0.9788	0.98	1.0
678.9	0.24353049907578558	0.06724762454722033	0.0	0.9788	0.9788	0.98	1.0
679.4	0.24330832638695934	0.06780641767490794	0.0	0.9788	0.9788	0.98	1.0
679.9	0.2428273464658169	0.06755831709757254	0.0	0.9788	0.9788	0.98	1.0
680.4	0.2433663274315721	0.0675861340097231	0.0	0.9788	0.9788	0.98	1.0
681.0	0.24355514192647743	0.06835978835978836	0.0	0.9788	0.9788	0.98	1.0
681.5	0.2433062785707622	0.06805282978836259	0.0	0.9788	0.9788	0.98	1.0
682.0	0.2437713270696022	0.06845380564863571	0.0	0.9788	0.9788	0.98	1.0
682.5	0.24350224382946897	0.06879685257057791	0.0	0.9788	0.9788	0.98	1.0
683.1	0.24325842696629213	0.06861857865318073	0.0	0.9788	0.9788	0.98	1.0
683.6	0.24336511813612663	0.06853998611036914	0.0	0.9788	0.9788	0.98	1.0
684.1	0.24323562570462232	0.0686080683943361	0.0	0.9788	0.9788	0.98	1.0
684.6	0.24370380831332675	0.06850929348117199	0.0	0.9788	0.9788	0.98	1.0
685.1	0.24366031521994824	0.06872392769280138	0.0	0.9788	0.9788	0.98	1.0
685.7	0.2432929416757037	0.06868264436223259	0.0	0.9788	0.9788	0.98	1.0
686.2	0.24362779740871612	0.06916318439944284	0.0	0.9788	0.9788	0.98	1.0
686.7	0.24332484196622323	0.06870474658085278	0.0	0.9788	0.9788	0.98	1.0
687.2	0.24358490566037735	0.06973627787307032	0.0	0.9788	0.9788	0.98	1.0
687.8	0.24372963015445656	0.06965120653517494	0.0	0.9788	0.9788	0.98	1.0
688.3	0.2434844192634561	0.07011426425620942	0.0	0.9788	0.9788	0.98	1.0
688.8	0.2434733257661748	0.06986124556308487	0.0	0.9788	0.9788	0.98	1.0
689.3	0.24316526345662662	0.06935856766492822	0.0	0.9788	0.9788	0.98	1.0
689.8	0.24352062050699963	0.06992743886052137	0.0	0.9788	0.9788	0.98	1.0
690.4	0.24368077250781028	0.07072881903326515	0.0	0.9788	0.9788	0.98	1.0
690.9	0.243201059452301	0.07022351171287342	0.0	0.9788	0.9788	0.98	1.0
691.4	0.243511090136857	0.07061344762925262	0.0	0.9788	0.9788	0.98	1.0
691.9	0.24348114145094885	0.07054835064306086	0.0	0.9788	0.9788	0.98	1.0
692.4	0.24339123867069487	0.07054342578187865	0.0	0.9788	0.9788	0.98	1.0
693.0	0.24322282044016247	0.07009069929694628	0.0	0.9788	0.9788	0.98	1.0
693.5	0.24307590509499952	0.07066530634162058	0.0	0.9788	0.9788	0.98	1.0
694.0	0.24347292384684388	0.071210252560459	0.0	0.9788	0.9788	0.98	1.0
694.5	0.24382759760185055	0.07165826991103012	0.0	0.9788	0.9788	0.98	1.0
695.1	0.24343191358898164	0.07099576384792751	0.0	0.9788	0.9788	0.98	1.0
695.6	0.24354678873106508	0.07084629411133755	0.0	0.9788	0.9788	0.98	1.0
696.1	0.24350082566643078	0.07149364917734069	0.0	0.9788	0.9788	0.98	1.0
696.6	0.24317313587699854	0.07140176896274457	0.0	0.9788	0.9788	0.98	1.0
697.1	0.24310434249611015	0.07165442949782946	0.0	0.9788	0.9788	0.98	1.0
697.7	0.24326873202244542	0.07170418006430868	0.0	0.9788	0.9788	0.98	1.0
698.2	0.24341794847598378	0.07175032175032175	0.0	0.9788	0.9788	0.98	1.0
698.7	0.2435377358490566	0.07187650747708635	0.0	0.9788	0.9788	0.98	1.0
699.2	0.24329167649139355	0.07163154790627849	0.0	0.9788	0.9788	0.98	1.0
699.7	0.24315149229100855	0.07213290460878885	0.0	0.9788	0.9788	0.98	1.0
700.3	0.24337873628452517	0.0728679671126874	0.0	0.9788	0.9788	0.98	1.0
700.8	0.24355517714393832	0.07219323255688848	0.0	0.9788	0.9788	0.98	1.0
701.3	0.24336115326251898	0.07226119805720453	0.0	0.9788	0.9788	0.98	1.0
701.8	0.24307137433561124	0.07295095235525818	0.0	0.9788	0.9788	0.98	1.0
702.3	0.24330357142857142	0.0733682448847379	0.0	0.9788	0.9788	0.98	1.0
702.8	0.24315329022441992	0.07258369841527394	0.0	0.9788	0.9788	0.98	1.0
703.4	0.24352946763546565	0.07301793043853964	0.0	0.9788	0.9788	0.98	1.0
703.9	0.2430691415756072	0.07261478345815696	0.0	0.9788	0.9788	0.98	1.0
704.4	0.2434865900383142	0.07354142833796372	0.0	0.9788	0.9788	0.98	1.0
704.9	0.24340246180372624	0.07312684044061511	0.0	0.9788	0.9788	0.98	1.0
705.4	0.24327956989247312	0.07351174221736756	0.0	0.9788	0.9788	0.98	1.0
706.0	0.24318718950465443	0.0739276102597902	0.0	0.9788	0.9788	0.98	1.0
706.5	0.24344044455182412	0.07391088836261497	0.0	0.9788	0.9788	0.98	1.0
707.0	0.24321316235180257	0.07356182499448975	0.0	0.9788	0.9788	0.98	1.0
707.5	0.24317774223256264	0.07385516212782411	0.0	0.9788	0.9788	0.98	1.0
708.0	0.2435729212227244	0.074404432132964	0.0	0.9788	0.9788	0.98	1.0
708.5	0.24299839267449222	0.07420789327404113	0.0	0.9788	0.9788	0.98	1.0
709.1	0.24278106219768408	0.0742433532133103	0.0	0.9788	0.9788	0.98	1.0
709.6	0.24311095883706133	0.07460352914898369	0.0	0.9788	0.9788	0.98	1.0
710.1	0.2431251227656649	0.07487651549169286	0.0	0.9788	0.9788	0.98	1.0
710.6	0.24301318638063374	0.07462014631401238	0.0	0.9788	0.9788	0.98	1.0
711.1	0.24285079271003113	0.07464796697392977	0.0	0.9788	0.9788	0.98	1.0
711.7	0.24307205067300078	0.07529078014184397	0.0	0.9788	0.9788	0.98	1.0
712.2	0.24308349475984703	0.07438676554478038	0.0	0.9788	0.9788	0.98	1.0
712.7	0.2431518767089237	0.07527004629365033	0.0	0.9788	0.9788	0.98	1.0
713.2	0.24369328946056437	0.07559308403699236	0.0	0.9788	0.9788	0.98	1.0
713.7	0.24294913392901712	0.07571651000519002	0.0	0.9788	0.9788	0.98	1.0
714.2	0.24265146970605878	0.07574793125397836	0.0	0.9788	0.9788	0.98	1.0
714.8	0.24298504476566798	0.07542564936951596	0.0	0.9788	0.9788	0.98	1.0
715.3	0.24291295201843133	0.07585482553390127	0.0	0.9788	0.9788	0.98	1.0
715.8	0.24298830966835583	0.07613915895513647	0.0	0.9788	0.9788	0.98	1.0
716.3	0.24289301858362633	0.07615796598199047	0.0	0.9788	0.9788	0.98	1.0
716.8	0.24271162627327011	0.07657445556209536	0.0	0.9788	0.9788	0.98	1.0
717.3	0.24288653585587394	0.07652820391786641	0.0	0.9788	0.9788	0.98	1.0
717.8	0.24322557940777237	0.07622945957169129	0.0	0.9788	0.9788	0.98	1.0
718.4	0.24321198712791633	0.07663973384030419	0.0	0.9788	0.9788	0.98	1.0
718.9	0.243140014071766	0.07652970208717369	0.0	0.9788	0.9788	0.98	1.0
719.4	0.24295827684892304	0.07632268827454719	0.0	0.9788	0.9788	0.98	1.0
719.9	0.242299381940606	0.07708345743730267	0.0	0.9788	0.9788	0.98	1.0
720.4	0.24261454983922828	0.07739974974676757	0.0	0.9788	0.9788	0.98	1.0
720.9	0.24247441300421432	0.07750877401701267	0.0	0.9788	0.9788	0.98	1.0
721.4	0.24266144814090018	0.07692765704078595	0.0	0.9788	0.9788	0.98	1.0
722.0	0.2431877379282709	0.07747190677210297	0.0	0.9788	0.9788	0.98	1.0
722.5	0.24247131332364583	0.07794981313400962	0.0	0.9788	0.9788	0.98	1.0
723.0	0.24253189892419313	0.0773689814267124	0.0	0.9788	0.9788	0.98	1.0
723.5	0.2426771968409477	0.07783158143380182	0.0	0.9788	0.9788	0.98	1.0
724.0	0.24276591498702854	0.07782032400589102	0.0	0.9788	0.9788	0.98	1.0
724.5	0.24311102236421725	0.07745276911305986	0.0	0.9788	0.9788	0.98	1.0
725.0	0.24256760121507892	0.0778748607283176	0.0	0.9788	0.9788	0.98	1.0
725.6	0.2425131827678838	0.0784428337619827	0.0	0.9788	0.9788	0.98	1.0
726.1	0.24279467302723118	0.0782725259354237	0.0	0.9788	0.9788	0.98	1.0
726.6	0.24252524750012439	0.07873097334810754	0.0	0.9788	0.9788	0.98	1.0
727.1	0.2429572216425697	0.07817684382094417	0.0	0.9788	0.9788	0.98	1.0
727.6	0.2425145240577983	0.07841998257333721	0.0	0.9788	0.9788	0.98	1.0
728.1	0.24301939195556216	0.07857225634488353	0.0	0.9788	0.9788	0.98	1.0
728.6	0.242622625601349	0.0787479025632124	0.0	0.9788	0.9788	0.98	1.0
729.1	0.24262993608482386	0.07878648056292537	0.0	0.9788	0.9788	0.98	1.0
729.7	0.24338519472797543	0.07918395573997233	0.0	0.9788	0.9788	0.98	1.0
730.2	0.24234618052115328	0.07888070013818517	0.0	0.9788	0.9788	0.98	1.0
730.7	0.24228004956629492	0.07838848920863309	0.0	0.9788	0.9788	0.98	1.0
731.2	0.24321513470681458	0.07951281167413536	0.0	0.9788	0.9788	0.98	1.0
731.7	0.24253380218909415	0.07916188289322618	0.0	0.9788	0.9788	0.98	1.0
732.2	0.24338362602028196	0.07945503463277806	0.0	0.9788	0.9788	0.98	1.0
732.7	0.242361214282177	0.07972965232831204	0.0	0.9788	0.9788	0.98	1.0
733.2	0.24246928260007927	0.0801487414187643	0.0	0.9788	0.9788	0.98	1.0
733.8	0.24311472161680206	0.08025186033199772	0.0	0.9788	0.9788	0.98	1.0
734.3	0.24281403057438283	0.07993381639755805	0.0	0.9788	0.9788	0.98	1.0
734.8	0.24250654288677104	0.08039829302987198	0.0	0.9788	0.9788	0.98	1.0
735.3	0.242249494800138	0.0804923705258381	0.0	0.9788	0.9788	0.98	1.0
735.8	0.24242573283493998	0.07993206906311916	0.0	0.9788	0.9788	0.98	1.0
736.3	0.24234543670264966	0.08000225835591689	0.0	0.9788	0.9788	0.98	1.0
736.8	0.24234856275402772	0.08006756756756757	0.0	0.9788	0.9788	0.98	1.0
737.3	0.2422761048103246	0.08020429926474715	0.0	0.9788	0.9788	0.98	1.0
737.8	0.24290528989400675	0.08117957055558671	0.0	0.9788	0.9788	0.98	1.0
738.4	0.2424390243902439	0.08093132590809873	0.0	0.9788	0.9788	0.98	1.0
738.9	0.24182783650801384	0.08057666517657577	0.0	0.9788	0.9788	0.98	1.0
739.4	0.2427723157792271	0.08085771722135358	0.0	0.9788	0.9788	0.98	1.0
739.9	0.24215137503042103	0.08094839609483961	0.0	0.9788	0.9788	0.98	1.0
740.4	0.24236391006652747	0.08101195440644982	0.0	0.9788	0.9788	0.98	1.0
740.9	0.24213239943577022	0.08138499220663549	0.0	0.9788	0.9788	0.98	1.0
741.4	0.24220040820293517	0.08110511979543054	0.0	0.9788	0.9788	0.98	1.0
741.9	0.24259808449608633	0.08204102051025512	0.0	0.9788	0.9788	0.98	1.0
742.4	0.24286617082300327	0.08169280391502613	0.0	0.9788	0.9788	0.98	1.0
742.9	0.24156046308006615	0.08208291652773146	0.0	0.9788	0.9788	0.98	1.0
743.4	0.24208883904627237	0.08158716005349978	0.0	0.9788	0.9788	0.98	1.0
744.0	0.24241832299653268	0.08150295462147397	0.0	0.9788	0.9788	0.98	1.0
744.5	0.24223177643150284	0.0823155429145056	0.0	0.9788	0.9788	0.98	1.0
745.0	0.24226097178683387	0.08202950379973178	0.0	0.9788	0.9788	0.98	1.0
745.5	0.2430456753176667	0.08209748726845374	0.0	0.9788	0.9788	0.98	1.0
746.0	0.2423825437389424	0.08199383926071128	0.0	0.9788	0.9788	0.98	1.0
746.5	0.2427131973457852	0.0822554454336749	0.0	0.9788	0.9788	0.98	1.0
747.0	0.2427959213831831	0.08257138049026758	0.0	0.9788	0.9788	0.98	1.0
747.5	0.2425334452288098	0.08315529067806139	0.0	0.9788	0.9788	0.98	1.0
748.0	0.24240928165884967	0.082874480278683	0.0	0.9788	0.9788	0.98	1.0
748.5	0.2424736764051609	0.08297704770477048	0.0	0.9788	0.9788	0.98	1.0
749.0	0.242326573114494	0.083248730964467	0.0	0.9788	0.9788	0.98	1.0
749.5	0.24285217045398041	0.08338990721882779	0.0	0.9788	0.9788	0.98	1.0
750.0	0.24244536267237518	0.0838330127842516	0.0	0.9788	0.9788	0.98	1.0
750.5	0.242245347208325	0.08394430235862461	0.0	0.9788	0.9788	0.98	1.0
751.1	0.2420366190117883	0.08380365999657945	0.0	0.9788	0.9788	0.98	1.0
751.6	0.24266961726097672	0.08411428571428571	0.0	0.9788	0.9788	0.98	1.0
752.1	0.24301140377434655	0.08446585239979357	0.0	0.9788	0.9788	0.98	1.0
752.6	0.24254071002326288	0.08427095292766934	0.0	0.9788	0.9788	0.98	1.0
753.1	0.24212019864193776	0.0843491260349586	0.0	0.9788	0.9788	0.98	1.0
753.6	0.24207478154846576	0.0847457627118644	0.0	0.9788	0.9788	0.98	1.0
754.1	0.2422683038671218	0.08438745451394905	0.0	0.9788	0.9788	0.98	1.0
754.6	0.24259173959772762	0.08416042718672007	0.0	0.9788	0.9788	0.98	1.0
755.1	0.24265913757700205	0.08440954043048284	0.0	0.9788	0.9788	0.98	1.0
755.6	0.24198536233378	0.085205719288007	0.0	0.9788	0.9788	0.98	1.0
756.1	0.24251667269813368	0.085025454971034	0.0	0.9788	0.9788	0.98	1.0
756.6	0.2426321534383284	0.08485347769801106	0.0	0.9788	0.9788	0.98	1.0
757.1	0.24243213671651123	0.08512645168897011	0.0	0.9788	0.9788	0.98	1.0
757.6	0.24340007318730722	0.08500443655723158	0.0	0.9788	0.9788	0.98	1.0
758.1	0.24226506277249565	0.08499643620812544	0.0	0.9788	0.9788	0.98	1.0
758.6	0.24282922191115103	0.08580818643561398	0.0	0.9788	0.9788	0.98	1.0
759.1	0.2427874416631311	0.08571086070486694	0.0	0.9788	0.9788	0.98	1.0
759.6	0.2428099701746911	0.08606483430564744	0.0	0.9788	0.9788	0.98	1.0
760.1	0.24246311738293777	0.08591957493056394	0.0	0.9788	0.9788	0.98	1.0
760.7	0.24240958675909507	0.08638902379796018	0.0	0.9788	0.9788	0.98	1.0
761.2	0.24276397348137768	0.08669956741607263	0.0	0.9788	0.9788	0.98	1.0
761.7	0.24247825852103927	0.08608584162647293	0.0	0.9788	0.9788	0.98	1.0
762.2	0.24253933803581118	0.08687128591557924	0.0	0.9788	0.9788	0.98	1.0
762.7	0.24262939506442455	0.08690821554225048	0.0	0.9788	0.9788	0.98	1.0
763.2	0.24260290424718856	0.08714946070878274	0.0	0.9788	0.9788	0.98	1.0
763.7	0.24218277738088695	0.08716165880307922	0.0	0.9788	0.9788	0.98	1.0
764.2	0.2424075096631695	0.08748519049697574	0.0	0.9788	0.9788	0.98	1.0
764.7	0.24280405967500415	0.08801802929760862	0.0	0.9788	0.9788	0.98	1.0
765.2	0.24254939167317782	0.08723310449077282	0.0	0.9788	0.9788	0.98	1.0
765.7	0.24219627217606107	0.08779714738510301	0.0	0.9788	0.9788	0.98	1.0
766.2	0.24225352112676057	0.08821848205779613	0.0	0.9788	0.9788	0.98	1.0
766.7	0.24220963172804533	0.08775523266978173	0.0	0.9788	0.9788	0.98	1.0
767.2	0.2426470588235294	0.0881861421776578	0.0	0.9788	0.9788	0.98	1.0
767.7	0.2427022997075185	0.08839314581312642	0.0	0.9788	0.9788	0.98	1.0
768.2	0.24263351749539594	0.08780361085855305	0.0	0.9788	0.9788	0.98	1.0
768.7	0.24242073594075444	0.08816432996413433	0.0	0.9788	0.9788	0.98	1.0
769.2	0.24221614386312051	0.08867899776990686	0.0	0.9788	0.9788	0.98	1.0
769.7	0.24260147385659142	0.08843313109997362	0.0	0.9788	0.9788	0.98	1.0
770.2	0.2425611831680263	0.08906373975138852	0.0	0.9788	0.9788	0.98	1.0
770.7	0.24252237399905793	0.08877977572821975	0.0	0.9788	0.9788	0.98	1.0
771.2	0.24306089838432857	0.08986666666666666	0.0	0.9788	0.9788	0.98	1.0
771.7	0.24292914319596798	0.08945153316854833	0.0	0.9788	0.9788	0.98	1.0
772.2	0.24269127716582317	0.0889350579719858	0.0	0.9788	0.9788	0.98	1.0
772.7	0.24183045582173368	0.08956328645447817	0.0	0.9788	0.9788	0.98	1.0
773.2	0.24262413048692733	0.08901054339010543	0.0	0.9788	0.9788	0.98	1.0
773.7	0.24248075072184794	0.09035450416864367	0.0	0.9788	0.9788	0.98	1.0
774.2	0.24307228915662651	0.09018729641693811	0.0	0.9788	0.9788	0.98	1.0
774.7	0.24323014478706004	0.08976893190648218	0.0	0.9788	0.9788	0.98	1.0
775.2	0.24297017650639074	0.09024256543785117	0.0	0.9788	0.9788	0.98	1.0
775.7	0.2433781891250076	0.09016730663741086	0.0	0.9788	0.9788	0.98	1.0
776.2	0.24281872631707616	0.09087782058337919	0.0	0.9788	0.9788	0.98	1.0
776.7	0.24303812962849625	0.09038302562689446	0.0	0.9788	0.9788	0.98	1.0
777.2	0.24290007973992517	0.09089654220443094	0.0	0.9788	0.9788	0.98	1.0
777.7	0.2433364112034472	0.09102884082085413	0.0	0.9788	0.9788	0.98	1.0
778.2	0.24367205827879984	0.09118688797833183	0.0	0.9788	0.9788	0.98	1.0
778.7	0.243338485316847	0.09143373661521347	0.0	0.9788	0.9788	0.98	1.0
779.2	0.2429802268641914	0.09153062648248919	0.0	0.9788	0.9788	0.98	1.0
779.7	0.24307195228035292	0.09181748305499267	0.0	0.9788	0.9788	0.98	1.0
780.2	0.24221130526708537	0.09169695275370422	0.0	0.9788	0.9788	0.98	1.0
780.7	0.24290791196458633	0.09230553412358841	0.0	0.9788	0.9788	0.98	1.0
781.2	0.24315196998123828	0.09207844239825684	0.0	0.9788	0.9788	0.98	1.0
781.7	0.24388561394707137	0.09242392148556097	0.0	0.9788	0.9788	0.98	1.0
782.2	0.24292793075330865	0.09247903009797702	0.0	0.9788	0.9788	0.98	1.0
782.6	0.2432245488272653	0.09238169342859164	0.0	0.9788	0.9788	0.98	1.0
783.1	0.2429994954591322	0.09231423709585933	0.0	0.9788	0.9788	0.98	1.0
783.6	0.2431050804670243	0.0925072658963635	0.0	0.9788	0.9788	0.98	1.0
784.1	0.2433594738173539	0.09289423145316168	0.0	0.9788	0.9788	0.98	1.0
784.6	0.24297646165527714	0.09216983144868786	0.0	0.9788	0.9788	0.98	1.0
785.1	0.24330145056058783	0.09239866068248201	0.0	0.9788	0.9788	0.98	1.0
785.6	0.24349148033191867	0.09265721814685564	0.0	0.9788	0.9788	0.98	1.0
786.1	0.24274003939759803	0.09360942520528383	0.0	0.9788	0.9788	0.98	1.0
786.6	0.24333609008206628	0.09315303713243185	0.0	0.9788	0.9788	0.98	1.0
787.1	0.24334818586887333	0.09376341009869833	0.0	0.9788	0.9788	0.98	1.0
787.6	0.24294110131595759	0.09383301026635078	0.0	0.9788	0.9788	0.98	1.0
788.1	0.24310311719900146	0.09321911891736251	0.0	0.9788	0.9788	0.98	1.0
788.6	0.24296429258285787	0.09461405529953917	0.0	0.9788	0.9788	0.98	1.0
789.1	0.24262907171366035	0.09389671361502347	0.0	0.9788	0.9788	0.98	1.0
789.6	0.24334797210023248	0.09370010161126434	0.0	0.9788	0.9788	0.98	1.0
790.1	0.24378881987577639	0.09421343413783076	0.0	0.9788	0.9788	0.98	1.0
790.6	0.2433326844461748	0.09442905060522094	0.0	0.9788	0.9788	0.98	1.0
791.1	0.24289153490793156	0.09461628246279545	0.0	0.9788	0.9788	0.98	1.0
791.6	0.24276024002087138	0.09388502380080557	0.0	0.9788	0.9788	0.98	1.0
792.0	0.2432290642009312	0.09465930018416206	0.0	0.9788	0.9788	0.98	1.0
792.5	0.24349944045816602	0.09507614963773474	0.0	0.9788	0.9788	0.98	1.0
793.0	0.24279672217816547	0.09512502782518364	0.0	0.9788	0.9788	0.98	1.0
793.5	0.2442940552016985	0.09464897898345506	0.0	0.9788	0.9788	0.98	1.0
794.0	0.24356501496508148	0.09580659603044321	0.0	0.9788	0.9788	0.98	1.0
794.5	0.24370028741394292	0.09537745760168093	0.0	0.9788	0.9788	0.98	1.0
795.0	0.24343611148512184	0.09539274924471298	0.0	0.9788	0.9788	0.98	1.0
795.5	0.24288796009168126	0.09581064730792499	0.0	0.9788	0.9788	0.98	1.0
796.0	0.24359322033898306	0.09601766542298028	0.0	0.9788	0.9788	0.98	1.0
796.5	0.24312363834422657	0.09587471352177235	0.0	0.9788	0.9788	0.98	1.0
797.0	0.243524736192956	0.09542483660130718	0.0	0.9788	0.9788	0.98	1.0
797.5	0.2430962054954893	0.09616573902288188	0.0	0.9788	0.9788	0.98	1.0
798.0	0.24333310244510634	0.09587123862841147	0.0	0.9788	0.9788	0.98	1.0
798.4	0.24286412171121502	0.09610267647519173	0.0	0.9788	0.9788	0.98	1.0
798.9	0.24348985751386257	0.09632196581869733	0.0	0.9788	0.9788	0.98	1.0
799.4	0.2428591628959276	0.09635210150674069	0.0	0.9788	0.9788	0.98	1.0
799.9	0.24386252045826515	0.09675101780154866	0.0	0.9788	0.9788	0.98	1.0
800.4	0.2435603892386949	0.09731247492980345	0.0	0.9788	0.9788	0.98	1.0
800.9	0.24344758064516128	0.09731652117685095	0.0	0.9788	0.9788	0.98	1.0
801.4	0.24389357371328874	0.09671622283940533	0.0	0.9788	0.9788	0.98	1.0
801.9	0.24304131262818635	0.09765528589058001	0.0	0.9788	0.9788	0.98	1.0
802.4	0.243516808274843	0.09715894972252133	0.0	0.9788	0.9788	0.98	1.0
802.9	0.24370436596632394	0.09776699841097265	0.0	0.9788	0.9788	0.98	1.0
803.3	0.2426222122099572	0.09783615391092026	0.0	0.9788	0.9788	0.98	1.0
803.8	0.24412009377599636	0.09713024282560706	0.0	0.9788	0.9788	0.98	1.0
804.3	0.24418250950570342	0.09792715175296426	0.0	0.9788	0.9788	0.98	1.0
804.8	0.24326605786202132	0.09815580834195105	0.0	0.9788	0.9788	0.98	1.0
805.3	0.244008040822638	0.09823983352120004	0.0	0.9788	0.9788	0.98	1.0
805.8	0.24253789654633537	0.09821272121955493	0.0	0.9788	0.9788	0.98	1.0
806.3	0.24481916318651012	0.09943482868244437	0.0	0.9788	0.9788	0.98	1.0
806.8	0.24343410299135126	0.09884238646482636	0.0	0.9788	0.9788	0.98	1.0
807.2	0.24355690731551144	0.10047589117356559	0.0	0.9788	0.9788	0.98	1.0
807.7	0.24280299975808403	0.09892297945515431	0.0	0.9788	0.9788	0.98	1.0
808.2	0.24330048057342998	0.09882181021097818	0.0	0.9788	0.9788	0.98	1.0
808.7	0.24364649942613542	0.09845417740154583	0.0	0.9788	0.9788	0.98	1.0
809.2	0.243491197619638	0.09851576994434137	0.0	0.9788	0.9788	0.98	1.0
809.7	0.24387193596798398	0.09864295741693964	0.0	0.9788	0.9788	0.98	1.0
810.2	0.243656528314569	0.10010358790846596	0.0	0.9788	0.9788	0.98	1.0
810.7	0.24461955600745636	0.09989554648181559	0.0	0.9788	0.9788	0.98	1.0
811.1	0.24399213204481313	0.09958784625706892	0.0	0.9788	0.9788	0.98	1.0
811.6	0.2444176222088111	0.09957463263727764	0.0	0.9788	0.9788	0.98	1.0
812.1	0.24424363541576158	0.1005260081823495	0.0	0.9788	0.9788	0.98	1.0
812.6	0.24362680683311433	0.10053013940702926	0.0	0.9788	0.9788	0.98	1.0
813.1	0.24397776405188387	0.10073296354992076	0.0	0.9788	0.9788	0.98	1.0
813.6	0.2432600765192633	0.100868003591739	0.0	0.9788	0.9788	0.98	1.0
814.1	0.24403111866225521	0.1000100210441928	0.0	0.9788	0.9788	0.98	1.0
814.5	0.24423215573179524	0.100555275113579	0.0	0.9788	0.9788	0.98	1.0
815.0	0.24398656621584824	0.10175866626003863	0.0	0.9788	0.9788	0.98	1.0
815.5	0.24386222059362403	0.10186896693366194	0.0	0.9788	0.9788	0.98	1.0
816.0	0.24500322372662797	0.10182794588453992	0.0	0.9788	0.9788	0.98	1.0
816.5	0.24365293406491212	0.10166666666666667	0.0	0.9788	0.9788	0.98	1.0
817.0	0.24363534256832647	0.10169846928077166	0.0	0.9788	0.9788	0.98	1.0
817.4	0.24373940877424213	0.10122311261071278	0.0	0.9788	0.9788	0.98	1.0
817.9	0.2431740614334471	0.10174171622769754	0.0	0.9788	0.9788	0.98	1.0
818.4	0.24280936454849497	0.10192719486081371	0.0	0.9788	0.9788	0.98	1.0
818.9	0.24391651437914783	0.10108965368432409	0.0	0.9788	0.9788	0.98	1.0
819.4	0.24463353316573197	0.10242529233434387	0.0	0.9788	0.9788	0.98	1.0
819.9	0.24381934981506717	0.10311750599520383	0.0	0.9788	0.9788	0.98	1.0
820.3	0.24403131115459883	0.1027382256297919	0.0	0.9788	0.9788	0.98	1.0
820.8	0.24438534278959811	0.10224136027382136	0.0	0.9788	0.9788	0.98	1.0
821.3	0.2447019211725094	0.10326869806094183	0.0	0.9788	0.9788	0.98	1.0
821.8	0.24362041467304626	0.10380198461366931	0.0	0.9788	0.9788	0.98	1.0
822.3	0.24379708689100954	0.10302213234468037	0.0	0.9788	0.9788	0.98	1.0
822.7	0.24457673292301482	0.10352223978324679	0.0	0.9788	0.9788	0.98	1.0
823.2	0.24381589618815896	0.1028344671201814	0.0	0.9788	0.9788	0.98	1.0
823.7	0.24407124681933842	0.10393162393162393	0.0	0.9788	0.9788	0.98	1.0
824.2	0.24416700777732298	0.10265811182401467	0.0	0.9788	0.9788	0.98	1.0
824.7	0.24441470194584577	0.10377358490566038	0.0	0.9788	0.9788	0.98	1.0
825.2	0.24474365613671673	0.10407501736513082	0.0	0.9788	0.9788	0.98	1.0
825.6	0.24378057666285	0.10389005357558817	0.0	0.9788	0.9788	0.98	1.0
826.1	0.24492146596858638	0.10498595505617977	0.0	0.9788	0.9788	0.98	1.0
826.6	0.2450414524084374	0.10531264692054537	0.0	0.9788	0.9788	0.98	1.0
827.1	0.24463927326502588	0.10355834022934153	0.0	0.9788	0.9788	0.98	1.0
827.6	0.2446706967865097	0.10319060609654845	0.0	0.9788	0.9788	0.98	1.0
828.0	0.24454613174417367	0.10456816559600285	0.0	0.9788	0.9788	0.98	1.0
828.5	0.24407431133888532	0.10475509474436896	0.0	0.9788	0.9788	0.98	1.0
829.0	0.24396782841823056	0.10531366198872497	0.0	0.9788	0.9788	0.98	1.0
829.5	0.24397071490094746	0.10563041385948027	0.0	0.9788	0.9788	0.98	1.0
829.9	0.2445381786718581	0.10587382160986222	0.0	0.9788	0.9788	0.98	1.0
830.4	0.24500217296827467	0.10599805730937348	0.0	0.9788	0.9788	0.98	1.0
830.9	0.24429148912924725	0.10537240537240537	0.0	0.9788	0.9788	0.98	1.0
831.4	0.24523965856861457	0.10525027536409252	0.0	0.9788	0.9788	0.98	1.0
831.9	0.24389707499450186	0.10515970515970516	0.0	0.9788	0.9788	0.98	1.0
832.3	0.2443633952254642	0.10556242274412855	0.0	0.9788	0.9788	0.98	1.0
832.8	0.24430871737923376	0.1054590570719603	0.0	0.9788	0.9788	0.98	1.0
833.3	0.24404894327030033	0.10615288999378496	0.0	0.9788	0.9788	0.98	1.0
833.8	0.24492074123688323	0.10522369407648088	0.0	0.9788	0.9788	0.98	1.0
834.2	0.24495967741935484	0.10677669417354338	0.0	0.9788	0.9788	0.98	1.0
834.7	0.2446390479398226	0.10536206464545227	0.0	0.9788	0.9788	0.98	1.0
835.2	0.24413886384129846	0.10680100755667506	0.0	0.9788	0.9788	0.98	1.0
835.7	0.24471094015160086	0.1068991660348749	0.0	0.9788	0.9788	0.98	1.0
836.1	0.24475683029135017	0.10787541149658142	0.0	0.9788	0.9788	0.98	1.0
836.6	0.24508355121064	0.10697023658102264	0.0	0.9788	0.9788	0.98	1.0
837.1	0.24500285551113649	0.10661905369213111	0.0	0.9788	0.9788	0.98	1.0
837.6	0.24369844179651695	0.1057285659361784	0.0	0.9788	0.9788	0.98	1.0
838.0	0.24531555351189793	0.10751445086705202	0.0	0.9788	0.9788	0.98	1.0
838.5	0.24428538443777417	0.10785705070313507	0.0	0.9788	0.9788	0.98	1.0
839.0	0.24505380076362374	0.1079229675584852	0.0	0.9788	0.9788	0.98	1.0
839.5	0.24394764276612996	0.10794350136063237	0.0	0.9788	0.9788	0.98	1.0
839.9	0.24497151494012323	0.10710112943009217	0.0	0.9788	0.9788	0.98	1.0
840.4	0.24417792268281321	0.10871261378413524	0.0	0.9788	0.9788	0.98	1.0
840.9	0.24433543564587712	0.10880626223091977	0.0	0.9788	0.9788	0.98	1.0
841.4	0.24542682926829268	0.10755088640840446	0.0	0.9788	0.9788	0.98	1.0
841.8	0.24500117619383674	0.10816834928543333	0.0	0.9788	0.9788	0.98	1.0
842.3	0.24427931115829205	0.10771661838293389	0.0	0.9788	0.9788	0.98	1.0
842.8	0.24431818181818182	0.1091703056768559	0.0	0.9788	0.9788	0.98	1.0
843.3	0.24474028289551883	0.10997340425531915	0.0	0.9788	0.9788	0.98	1.0
843.7	0.24466944609886837	0.10966022651565623	0.0	0.9788	0.9788	0.98	1.0
844.2	0.24486137667304014	0.11029509947923621	0.0	0.9788	0.9788	0.98	1.0
844.7	0.24552767439068315	0.10964794410104811	0.0	0.9788	0.9788	0.98	1.0
845.1	0.2447282805157248	0.11002017484868863	0.0	0.9788	0.9788	0.98	1.0
845.6	0.24542168674698794	0.1103169251517195	0.0	0.9788	0.9788	0.98	1.0
846.1	0.24600677637947724	0.10852188050399675	0.0	0.9788	0.9788	0.98	1.0
846.6	0.2447790189412336	0.10843864655523848	0.0	0.9788	0.9788	0.98	1.0
847.0	0.24467696800097335	0.10969145031942368	0.0	0.9788	0.9788	0.98	1.0
847.5	0.24440914090186974	0.10837775044417111	0.0	0.9788	0.9788	0.98	1.0
848.0	0.24499570182979247	0.10995052226498075	0.0	0.9788	0.9788	0.98	1.0
848.4	0.24608363142962872	0.11040574109853712	0.0	0.9788	0.9788	0.98	1.0
848.9	0.24473096950161172	0.10989315942833357	0.0	0.9788	0.9788	0.98	1.0
849.4	0.24597529015350056	0.10837988826815642	0.0	0.9788	0.9788	0.98	1.0
849.8	0.24498997995991983	0.11101754385964913	0.0	0.9788	0.9788	0.98	1.0
850.3	0.24490822227809908	0.11157953906689151	0.0	0.9788	0.9788	0.98	1.0
850.8	0.24510917581724095	0.11064010173802459	0.0	0.9788	0.9788	0.98	1.0
851.3	0.24543610547667344	0.11098479465681399	0.0	0.9788	0.9788	0.98	1.0
851.7	0.2441326530612245	0.11076175503787337	0.0	0.9788	0.9788	0.98	1.0
852.2	0.2460276781137878	0.11184493898061737	0.0	0.9788	0.9788	0.98	1.0
852.7	0.24591429674430576	0.11136757068667051	0.0	0.9788	0.9788	0.98	1.0
853.1	0.24522210743801653	0.11176980913823019	0.0	0.9788	0.9788	0.98	1.0
853.6	0.24515793578577927	0.11190441497887221	0.0	0.9788	0.9788	0.98	1.0
854.1	0.24608355091383813	0.11296458882060287	0.0	0.9788	0.9788	0.98	1.0
854.5	0.24543423991591118	0.11230497497792169	0.0	0.9788	0.9788	0.98	1.0
855.0	0.24637298865734636	0.11300103534980033	0.0	0.9788	0.9788	0.98	1.0
855.5	0.246449900464499	0.11165625929229854	0.0	0.9788	0.9788	0.98	1.0
855.9	0.24492250133618385	0.1125599520383693	0.0	0.9788	0.9788	0.98	1.0
856.4	0.24458204334365324	0.11235276351555422	0.0	0.9788	0.9788	0.98	1.0
856.9	0.24440550013480722	0.11321325866505222	0.0	0.9788	0.9788	0.98	1.0
857.3	0.24544960608530292	0.11416361416361416	0.0	0.9788	0.9788	0.98	1.0
857.8	0.24382546652030734	0.11314937567442578	0.0	0.9788	0.9788	0.98	1.0
858.3	0.24436454155718434	0.11286294099281924	0.0	0.9788	0.9788	0.98	1.0
858.7	0.24547731700528805	0.11470265181233329	0.0	0.9788	0.9788	0.98	1.0
859.2	0.24526198439241917	0.11399779562273658	0.0	0.9788	0.9788	0.98	1.0
859.7	0.24525139664804468	0.11343942019851899	0.0	0.9788	0.9788	0.98	1.0
860.1	0.24363280156731038	0.1127831458894345	0.0	0.9788	0.9788	0.98	1.0
860.6	0.2466254218222722	0.11411219434233659	0.0	0.9788	0.9788	0.98	1.0
861.1	0.24624964619303708	0.11350829174046047	0.0	0.9788	0.9788	0.98	1.0
861.5	0.24569149693775816	0.11382113821138211	0.0	0.9788	0.9788	0.98	1.0
862.0	0.24461979913916787	0.11381179175562489	0.0	0.9788	0.9788	0.98	1.0
862.4	0.24455345548982832	0.11430459200528577	0.0	0.9788	0.9788	0.98	1.0
862.9	0.24655347554781598	0.11469951722989845	0.0	0.9788	0.9788	0.98	1.0
863.4	0.24537104534188658	0.11577181208053691	0.0	0.9788	0.9788	0.98	1.0
863.8	0.24587048677093992	0.11297141890749196	0.0	0.9788	0.9788	0.98	1.0
864.3	0.245096593422799	0.11272416737830913	0.0	0.9788	0.9788	0.98	1.0
864.8	0.2443687018375815	0.114762560220234	0.0	0.9788	0.9788	0.98	1.0
865.2	0.24422245415237812	0.11537126995142262	0.0	0.9788	0.9788	0.98	1.0
865.7	0.24594107035478052	0.1147167163655499	0.0	0.9788	0.9788	0.98	1.0
866.1	0.2458151108430101	0.11428571428571428	0.0	0.9788	0.9788	0.98	1.0
866.6	0.24568050924522583	0.11419423692636073	0.0	0.9788	0.9788	0.98	1.0
867.1	0.2448107448107448	0.1128453534266236	0.0	0.9788	0.9788	0.98	1.0
867.5	0.2430939226519337	0.11153221440173254	0.0	0.9788	0.9788	0.98	1.0
868.0	0.24668721109399075	0.11054545454545454	0.0	0.9788	0.9788	0.98	1.0
868.5	0.2450721713487506	0.11371115173674588	0.0	0.9788	0.9788	0.98	1.0
868.9	0.24295112781954886	0.11275415896487985	0.0	0.9788	0.9788	0.98	1.0
869.4	0.2431663769947859	0.11003537516291194	0.0	0.9788	0.9788	0.98	1.0
869.8	0.24281860022218696	0.11082040740048589	0.0	0.9788	0.9788	0.98	1.0
870.3	0.2420280612244898	0.11023622047244094	0.0	0.9788	0.9788	0.98	1.0
870.8	0.24283197180842545	0.108789760963674	0.0	0.9788	0.9788	0.98	1.0
871.2	0.24308236808236808	0.1090119025127527	0.0	0.9788	0.9788	0.98	1.0
871.7	0.24340934821284166	0.10909434675742107	0.0	0.9788	0.9788	0.98	1.0
872.1	0.2448713774014979	0.1080568720379147	0.0	0.9788	0.9788	0.98	1.0
872.6	0.24475409836065573	0.10967250571210967	0.0	0.9788	0.9788	0.98	1.0
873.0	0.24559090159881325	0.113909559244419	0.0	0.9788	0.9788	0.98	1.0
873.5	0.2465980750082974	0.11647126657697482	0.0	0.9788	0.9788	0.98	1.0
874.0	0.24912339288695942	0.12295555127958438	0.0	0.9788	0.9788	0.98	1.0
874.4	0.24810510358767054	0.12917551650897857	0.0	0.9788	0.9788	0.98	1.0
874.9	0.24987251402345742	0.14030314807617567	0.0	0.9788	0.9788	0.98	1.0
875.3	0.248971898560658	0.14828599412340843	0.0	0.9788	0.9788	0.98	1.0
875.8	0.2504753673292999	0.15973871733966746	0.0	0.9788	0.9788	0.98	1.0
876.2	0.25100718164301977	0.16720128307939053	0.0	0.9788	0.9788	0.98	1.0
876.7	0.2497326203208556	0.16625866993064056	0.0	0.9788	0.9788	0.98	1.0
877.2	0.24900181488203266	0.1615993336109954	0.0	0.9788	0.9788	0.98	1.0
877.6	0.24632558139534882	0.14243133915265063	0.0	0.9788	0.9788	0.98	1.0
878.1	0.2463851937536148	0.12233692071161871	0.0	0.9788	0.9788	0.98	1.0
