349.8	0.3177842565597668	0.28189300411522633
350.3	0.3342857142857143	0.3771760154738878
350.8	0.3697478991596639	0.42857142857142855
351.3	0.3813559322033898	0.445993031358885
351.9	0.3918918918918919	0.4134453781512605
352.4	0.4	0.3544093178036606
352.9	0.39331619537275064	0.29853181076672103
353.4	0.37626262626262624	0.22580645161290322
354.0	0.3492462311557789	0.178743961352657
354.5	0.32914572864321606	0.13408723747980614
355.0	0.31094527363184077	0.0755336617405583
355.5	0.2946859903381642	0.06291390728476821
356.0	0.2607655502392344	0.043333333333333335
356.6	0.2209026128266033	0.0387858347386172
357.1	0.25	0.023529411764705882
357.6	0.22272727272727272	0.051580698835274545
358.1	0.2186046511627907	0.03064516129032258
358.7	0.22580645161290322	0.03980891719745223
359.2	0.22838137472283815	0.025157232704402517
359.7	0.23093681917211328	0.033690658499234305
360.2	0.2574468085106383	0.04066265060240964
360.8	0.2390852390852391	0.04978038067349927
361.3	0.24439918533604887	0.056439942112879886
361.8	0.24302788844621515	0.051893408134642355
362.3	0.212890625	0.05858310626702997
362.9	0.2438095238095238	0.0703851261620186
363.4	0.24444444444444444	0.056282722513089
363.9	0.22920517560073936	0.06521739130434782
364.4	0.2550091074681239	0.06565656565656566
364.9	0.2504472271914132	0.055900621118012424
365.5	0.23734729493891799	0.06142506142506143
366.0	0.2560553633217993	0.0688836104513064
366.5	0.24196277495769883	0.0660377358490566
367.0	0.24455611390284757	0.06323185011709602
367.6	0.254071661237785	0.04861111111111111
368.1	0.24193548387096775	0.06598407281001138
368.6	0.24371069182389937	0.062360801781737196
369.1	0.2453416149068323	0.054764512595837894
369.7	0.24012158054711247	0.05297297297297297
370.2	0.2518628912071535	0.059322033898305086
370.7	0.2594202898550725	0.06618407445708377
371.2	0.2624113475177305	0.0513347022587269
371.8	0.24549237170596394	0.05511022044088176
372.3	0.25170998632010944	0.05593719332679097
372.8	0.2613333333333333	0.05115830115830116
373.3	0.2513157894736842	0.048204158790170135
373.9	0.25798212005108556	0.04609595484477893
374.4	0.24968474148802017	0.04511970534069982
374.9	0.24662576687116564	0.04878048780487805
375.5	0.2469879518072289	0.05053191489361702
376.0	0.2619047619047619	0.03574542284219703
376.5	0.25319396051103366	0.04704875962360992
377.0	0.2627406568516421	0.05104602510460251
377.6	0.26153846153846155	0.04330065359477124
378.1	0.2650862068965517	0.04487179487179487
378.6	0.2594142259414226	0.038431372549019606
379.1	0.25971370143149286	0.044753086419753084
379.7	0.2642073778664008	0.0392156862745098
380.2	0.25705939629990265	0.038433111603843315
380.7	0.25360230547550433	0.03918722786647315
381.2	0.26017029328287605	0.034261241970021415
381.8	0.26330275229357797	0.03927068723702665
382.3	0.26473254759746145	0.03997243280496209
382.8	0.2522202486678508	0.03474114441416894
383.4	0.26223776223776224	0.03355704697986577
383.9	0.2554300608166811	0.039280958721704395
384.4	0.26360544217687076	0.04342105263157895
384.9	0.26485568760611206	0.03913894324853229
385.5	0.2720465890183028	0.03425985778926956
386.0	0.26655629139072845	0.03956604977664327
386.5	0.2688870836718115	0.03229892336922103
387.1	0.2728719172633254	0.03706030150753769
387.6	0.2652899126290707	0.03609209707529558
388.1	0.2703962703962704	0.037943696450428395
388.6	0.2684049079754601	0.04161640530759952
389.2	0.26686656671664166	0.0362879238548483
389.7	0.26838235294117646	0.03231492361927144
390.2	0.2695086705202312	0.03452243958573072
390.8	0.27087719298245616	0.03577417551704863
391.3	0.265389876880985	0.03333333333333333
391.8	0.2631930527722111	0.03952991452991453
392.3	0.2680077871512005	0.03563941299790356
392.9	0.27023581899298915	0.033707865168539325
393.4	0.26968381897086174	0.03006012024048096
393.9	0.27090909090909093	0.0358018636586562
394.5	0.26409495548961426	0.03267659778952427
395.0	0.2664359861591695	0.03568075117370892
395.5	0.26458923512747873	0.032377428307123035
396.0	0.27039106145251396	0.03290676416819013
396.6	0.2650137741046832	0.039030955585464336
397.1	0.2682926829268293	0.03244444444444444
397.6	0.2673740053050398	0.03089143865842895
398.2	0.26892535733192163	0.02930883639545057
398.7	0.2660695468914647	0.03211805555555555
399.2	0.2641705668226729	0.03625377643504532
399.8	0.262615859938208	0.03380402225074882
400.3	0.26738241308793453	0.031955688112484025
400.8	0.26513994910941474	0.030110262934690414
401.3	0.2659627953745601	0.031157894736842107
401.9	0.26719840478564305	0.03096234309623431
402.4	0.26745329400196655	0.026926263463131733
402.9	0.2619047619047619	0.029532403609515995
403.5	0.26981852913085	0.03317152103559871
404.0	0.2676056338028169	0.028377298161470825
404.5	0.26454293628808867	0.03155818540433925
405.1	0.26639344262295084	0.03324313877077696
405.6	0.2613941018766756	0.029669075694180296
406.1	0.2635726795096322	0.03021260723610593
406.7	0.26572528883183566	0.027336534909493906
407.2	0.2668350168350168	0.032502708559046585
407.7	0.26126498553121125	0.03091684434968017
408.2	0.2643957826439578	0.031053733426378228
408.8	0.2663755458515284	0.030521262002743483
409.3	0.2650273224043716	0.03314169766655394
409.8	0.26380368098159507	0.028112449799196786
410.4	0.2615442846328539	0.029615004935834157
410.9	0.2620459599703484	0.024295432458697766
411.4	0.26302274394717534	0.03164961636828645
412.0	0.265034209578682	0.027514231499051234
412.5	0.26193870277975767	0.030274656679151062
413.0	0.2640646976090014	0.02778635381290522
413.6	0.2609299097848716	0.027531355154481494
414.1	0.2613168724279835	0.027198549410698096
414.6	0.2625338753387534	0.027327327327327327
415.2	0.2634570377800067	0.03023117960877297
415.7	0.2641322314049587	0.026076765309112217
416.2	0.2630548302872063	0.028968713789107765
416.8	0.264819587628866	0.026762589928057554
417.3	0.26146496815286624	0.026996305768684285
417.8	0.2655367231638418	0.030123873873873875
418.4	0.26143790849673204	0.02982994145525509
418.9	0.26319018404907973	0.030278007156619872
419.4	0.2619914996964177	0.02920305676855895
420.0	0.2595373986182037	0.02461455233973492
420.5	0.26351752822341057	0.026598602901665772
421.0	0.262739322533137	0.025593175153292454
421.5	0.26207097149505526	0.029504741833508957
422.1	0.2589699074074074	0.028810895756940808
422.6	0.2608695652173913	0.02934302778499091
423.1	0.2603516732841747	0.02968508002065049
423.7	0.2579376229277887	0.029275808936825885
424.2	0.2616587545378386	0.030010172939979655
424.7	0.26175982291090205	0.029062421026029822
425.3	0.2619895861879967	0.02769385699899295
425.8	0.25776566757493186	0.02944111776447106
426.3	0.25907859078590784	0.027791563275434243
426.9	0.2597158938622353	0.027346637102734665
427.4	0.2592494011179132	0.028886168910648716
427.9	0.26006843906291127	0.027737226277372264
428.5	0.25897969807391985	0.030033637674195098
429.0	0.2602880658436214	0.03002144388849178
429.6	0.2597666159309995	0.028437132784958873
430.1	0.2595	0.029193697868396665
430.6	0.258667322350627	0.0283363802559415
431.2	0.25874125874125875	0.027621827981136313
431.7	0.2593557555660824	0.027802294792586054
432.2	0.2583720930232558	0.027126736111111112
432.8	0.25726046192545166	0.02700385769395628
433.3	0.25887640449438204	0.025927487352445194
433.8	0.2554083885209713	0.0291865038294349
434.4	0.2551993067590988	0.027721157766000815
434.9	0.2564761293084992	0.027956556717618663
435.4	0.2554575986565911	0.026560951437066403
436.0	0.25529265255292655	0.02638780297107115
436.5	0.25583777140516184	0.027622175004829053
437.0	0.2577570472520787	0.027265745007680493
437.6	0.256312625250501	0.0282947208507406
438.1	0.2554802710243125	0.026704545454545453
438.6	0.25643055005935894	0.026118000751597144
439.2	0.2541871921182266	0.027684249906472128
439.7	0.2532785280876884	0.02816113390525923
440.2	0.25604524180967236	0.027570789865871834
440.8	0.2544355624878144	0.026252094582014524
441.3	0.256554670809866	0.02840170781511045
441.8	0.2543621558743699	0.029591270575180323
442.4	0.2551296941540844	0.026896679651270638
442.9	0.2550803173988775	0.028523800703834045
443.5	0.254198031268095	0.030735049064987967
444.0	0.2550490478938257	0.02722222222222222
444.5	0.2552373630597732	0.02885682574916759
445.1	0.25579612952672925	0.027649769585253458
445.6	0.2536204268292683	0.03151914971596115
446.1	0.25513472771810813	0.02983445515735856
446.7	0.2528928704740575	0.028395731597033822
447.2	0.25305668766209705	0.029475197699496764
447.7	0.25412844036697246	0.028916090118857547
448.3	0.25501899077590884	0.02912280701754386
448.8	0.2536567962896896	0.02925393803011944
449.3	0.2540825285338016	0.029331514324693043
449.9	0.25418753237782765	0.027236045729657026
450.4	0.25461942702152907	0.02888742159128425
450.9	0.2537114261884904	0.028683181225554105
451.5	0.2525815440091788	0.027230498157936888
452.0	0.2523725269422551	0.028310789556464298
452.6	0.25399841646872523	0.02805766547822043
453.1	0.25307201742106084	0.026936539339522142
453.6	0.25168711656441717	0.027911164465786314
454.2	0.25169555388093445	0.028807800265918157
454.7	0.25100431483410207	0.027465303140978815
455.2	0.2525637269264577	0.028022533583706485
455.8	0.25083466395703297	0.027686599115170542
456.3	0.25097024579560157	0.02800169707254985
456.8	0.25089094796863864	0.026049000281610814
457.4	0.2516238350748376	0.02803347280334728
457.9	0.25287678922256523	0.028174878556557946
458.5	0.25122463261021694	0.027754648903691368
459.0	0.25181159420289856	0.028709454796411318
459.5	0.25045095046482585	0.02780454232622161
460.1	0.2514206514206514	0.027617477328936522
460.6	0.25103734439834025	0.028441879637262985
461.1	0.24979298923544024	0.028830313014827018
461.7	0.25089556351612013	0.02917808219178082
462.2	0.25044796691936594	0.028497054391012466
462.7	0.24969012532708992	0.030145245272677444
463.3	0.25157836947570683	0.031459444672411435
463.8	0.25092656142759096	0.029867105082888066
464.4	0.25191675794085433	0.028727770177838577
464.9	0.2513623978201635	0.028353326063249727
465.4	0.2502373525023735	0.029966101694915256
466.0	0.25026896180742336	0.028967933171651847
466.5	0.24956510103037602	0.03029490616621984
467.0	0.24860557768924302	0.030658491069048253
467.6	0.250957095709571	0.03074476543864299
468.1	0.25078534031413613	0.029744669649907872
468.7	0.2504212572909916	0.02894393741851369
469.2	0.2507071226536385	0.02973881561934316
469.7	0.24955482065632154	0.030454254638515674
470.3	0.24899142713061018	0.030880670987418986
470.8	0.250499251123315	0.029845107669059314
471.3	0.25	0.02948894164688242
471.9	0.24978614200171087	0.03061350450561659
472.4	0.2502422480620155	0.030046602894285013
473.0	0.24903846153846154	0.028435440566268
473.5	0.24922600619195046	0.031136857349746562
474.0	0.2474616292798111	0.03205741626794258
474.6	0.24874165983846425	0.030414637044077462
475.1	0.24901369227198886	0.02944640753828033
475.6	0.2496259638623547	0.0289193302891933
476.2	0.24902812714383718	0.031493317838466005
476.7	0.24877882540043167	0.029854200416570238
477.3	0.2484752654167608	0.02955381784728611
477.8	0.2493000335983873	0.029710890183978975
478.3	0.2479946524064171	0.031072805624858243
478.9	0.2482010406288055	0.03120054261813249
479.4	0.24898452080360084	0.031200897867564536
479.9	0.24689610106730558	0.030427998216674097
480.5	0.24856617249215454	0.030430452583822064
481.0	0.248068669527897	0.030546093835842215
481.6	0.24754901960784315	0.030994215868165448
482.1	0.24743901151124723	0.030437608318890814
482.6	0.24837355718782791	0.031754574811625406
483.2	0.24779220779220779	0.03113006396588486
483.7	0.24847482163168236	0.031532009767491244
484.2	0.2474669941664108	0.03114805850783963
484.8	0.2476905897878388	0.030663329161451813
485.3	0.24853683148335015	0.03131805454734004
485.9	0.2466633216256899	0.03163444639718805
486.4	0.246415770609319	0.031086488150200063
486.9	0.2460231202450351	0.030858539566147265
487.5	0.24695361635220126	0.030939338608236965
488.0	0.24697619976589932	0.030626637114648397
488.6	0.24735872831249395	0.031663326653306616
489.1	0.24756860857005297	0.03151490974369203
489.6	0.2467357910906298	0.03250820161049806
490.2	0.2467780429594272	0.03219096671949287
490.7	0.24726892751971122	0.031994487103760585
491.2	0.2467754172989378	0.03137602045834563
491.8	0.24728543102634312	0.032024287533052594
492.3	0.2466333929748564	0.03201488153514784
492.9	0.2467837355620246	0.031586152943477414
493.4	0.2460108879294162	0.030456852791878174
493.9	0.24671916010498687	0.0317227916056613
494.5	0.24674473067915692	0.033271538686701144
495.0	0.24762977565005162	0.03178484107579462
495.6	0.2470952023988006	0.03167465050347053
496.1	0.24727750657153585	0.032318088336108115
496.6	0.24751080217922225	0.032770800627943485
497.2	0.24823761631732305	0.033147004020790426
497.7	0.2475869178146378	0.032270720941638055
498.2	0.24644772748659077	0.033899970521764765
498.8	0.2462567096713438	0.034122287968441814
499.3	0.24574758011465087	0.03303185214313802
499.9	0.2464775502536164	0.03312039312039312
500.4	0.2463903993999625	0.03259695630829652
500.9	0.2460747663551402	0.03299716048173896
501.5	0.24653842579685903	0.0344458499562129
502.0	0.24737230315323622	0.033614259420711036
502.6	0.24608049876226276	0.034151034151034154
503.1	0.24642954607477485	0.03411697247706422
503.6	0.24632187020489213	0.033298548524807896
504.2	0.24642346208869814	0.03376281388131289
504.7	0.24626006904487918	0.03389514852407114
505.2	0.24647084612012277	0.035384331116038434
505.8	0.24619796645520117	0.034047226798462386
506.3	0.2462935984231725	0.03516861043305307
506.9	0.24496701065809506	0.03344929087503345
507.4	0.24708138759172782	0.033717756844792675
507.9	0.24605990593283275	0.033981005489239345
508.5	0.24562118126272914	0.0347114556416882
509.0	0.2458818802732021	0.034010713374713036
509.6	0.24600968792186134	0.03452040987737275
510.1	0.24585657057575996	0.0337798485730926
510.6	0.2456263121063681	0.03408248950358113
511.2	0.24517121969988456	0.034589655735030186
511.7	0.24530453957873927	0.033884630899556276
512.2	0.2457582384435563	0.033360064153969526
512.8	0.24607681960842923	0.033616784550584124
513.3	0.24542558708052448	0.034341524889729046
513.9	0.24544717245447173	0.03477715986527767
514.4	0.2453272740599575	0.03409268216570448
514.9	0.24560764015455275	0.034694194349580876
515.5	0.24458024152480723	0.034012551328736346
516.0	0.24567901234567902	0.035504331683168314
516.6	0.2455133328489428	0.035586912699643355
517.1	0.24517866239720545	0.0343890700201832
517.6	0.24580964873925085	0.03531974482651315
518.2	0.24545255314486084	0.035182151493876275
518.7	0.24548049476688868	0.03542383484516735
519.3	0.24450327229943378	0.03595540901240383
519.8	0.24491305956344803	0.03575666482082114
520.3	0.24524375743162902	0.03565175871399013
520.9	0.24468798926414673	0.036830357142857144
521.4	0.2447175183575603	0.03598909907021481
521.9	0.24556123984351488	0.036168841630417274
522.5	0.24576527525710828	0.03669799092676604
523.0	0.24545246974655605	0.036460032626427406
523.6	0.2450568745705779	0.03769111274630038
524.1	0.245611357044726	0.03672200866933835
524.6	0.24500421100987674	0.03692762186115214
525.2	0.24498084291187738	0.0383478403678765
525.7	0.24466539196940726	0.037848932676518884
526.3	0.24542961608775138	0.03768803139306737
526.8	0.24492588369441276	0.03794679288395626
527.3	0.24509432532767633	0.03785720100952536
527.9	0.24513354459031236	0.03791315618924174
528.4	0.24483665039429214	0.037912398160845365
528.9	0.24580380455054085	0.03801334083420397
529.5	0.24468875352845046	0.037551933525087886
530.0	0.2452330118530516	0.03747425130724132
530.6	0.2453409340057005	0.03742432581177765
531.1	0.2444927536231884	0.03840749414519906
531.6	0.2453331418724871	0.03745260388454693
532.2	0.24438902743142144	0.03824591045234621
532.7	0.24447416584541742	0.03821898032064433
533.3	0.24493490217921046	0.03873054072347146
533.8	0.24494444061011802	0.039149888143176735
534.3	0.2451749300961604	0.03961345529654765
534.9	0.24489795918367346	0.03899518037096539
535.4	0.2458305537024683	0.03923265541612578
536.0	0.24414914716382388	0.038989841178995566
536.5	0.2444633730834753	0.039301929625425655
537.0	0.24440552636699747	0.0395706167122711
537.6	0.24458164512187278	0.038332868692500695
538.1	0.24467406556958796	0.03933245620109411
538.6	0.24427287685103152	0.039280318637549785
539.2	0.24447791164658633	0.0394108823128324
539.7	0.2437990776517512	0.039182513365365094
540.3	0.24483592829228956	0.03906091884233961
540.8	0.24420325604341392	0.03860615012756815
541.3	0.2447350647755879	0.038731218697829715
541.9	0.24464831804281345	0.03883753408259626
542.4	0.24406903701896687	0.039503386004514675
543.0	0.244599939154244	0.03949373798953018
543.5	0.24424746524194038	0.04001587406574509
544.0	0.24418816388467374	0.03921698300376959
544.6	0.24492771230713156	0.03975352812562115
545.1	0.24465183928246773	0.04025381717231807
545.6	0.24500334123078793	0.04029959567839862
546.2	0.24476543060023062	0.040617545719586534
546.7	0.2440002430281305	0.040074309978768576
547.3	0.24456059316883433	0.04021767985134059
547.8	0.24519464720194648	0.04055311793644462
548.3	0.2448643706187138	0.040927876283162246
548.9	0.2450387738902119	0.04033658341124616
549.4	0.24514118078474514	0.0399812796683827
550.0	0.2437427330028762	0.04032420121910376
550.5	0.24462546701782323	0.04135111587695195
551.0	0.24455220673991773	0.04053236539624924
551.6	0.24503067484662577	0.041518307020490426
552.1	0.24465470631604816	0.04122600202088245
552.6	0.24530386740331492	0.04117250673854447
553.2	0.2453946152424373	0.04263225457739342
553.7	0.2448766077912487	0.04205765206237764
554.3	0.24501477104874447	0.04228872525839357
554.8	0.24395644952943346	0.042063331307811765
555.3	0.24477758663062177	0.042501517911353974
555.9	0.24470111199852554	0.042161359956826766
556.4	0.24409641502508259	0.04286770140428677
556.9	0.24509445460085313	0.04215252647098244
557.5	0.2448905109489051	0.04258738449176376
558.0	0.24509090909090908	0.04292103330885789
558.6	0.24497312964192983	0.042379083227995475
559.1	0.24474764549625694	0.043065062803216585
559.6	0.24489795918367346	0.0433459069551982
560.2	0.2452040877308313	0.04281949934123847
560.7	0.24538855170772345	0.04330992847299692
561.3	0.24454459203036052	0.043239353699221564
561.8	0.2448581560283688	0.043041606886657105
562.3	0.24510092390984523	0.043551742069682785
562.9	0.2447064343949792	0.043438796680497924
563.4	0.24419012028494685	0.043559628291171916
563.9	0.24491342622281817	0.04420957659341367
564.5	0.2443838161026296	0.044365971107544144
565.0	0.24452808338158658	0.0439905231478517
565.6	0.24497458410351203	0.04401509820229032
566.1	0.24453544033681296	0.043328441069491415
566.6	0.24451482867837604	0.04407168824542382
567.2	0.2445811533375496	0.04381049414161997
567.7	0.24521579219585082	0.044035177160336475
568.2	0.24430582579832893	0.044255642911488716
568.8	0.24468998683231236	0.044265210212117365
569.3	0.24433407546954386	0.044677888874825974
569.9	0.24487347917975666	0.04485270826734242
570.4	0.24397487150199887	0.04464172479391249
570.9	0.24407474931631723	0.04472136124992093
571.5	0.24452658515780495	0.04517311094263331
572.0	0.24401044623594867	0.0452540022690029
572.5	0.24438648219550918	0.04571500535230779
573.1	0.24424328147100424	0.045637415137037965
573.6	0.24466764473535718	0.04549442286000752
574.1	0.24455328491808817	0.04553426030314418
574.7	0.2443108389054335	0.04562761375694401
575.2	0.24469573979734646	0.04518297236743839
575.8	0.24491275018118971	0.045615341649599704
576.3	0.24399466192170818	0.045510835913312696
576.8	0.24529138045645912	0.04622886063448957
577.4	0.24389839867476532	0.04697202582231786
577.9	0.24448478846894428	0.04647455548743103
578.4	0.2446267432321575	0.04637981472452462
579.0	0.24439242160278746	0.04652575315840622
579.5	0.24487915898992088	0.04653555219364599
580.1	0.24437003834314414	0.04660557096346316
580.6	0.24527998283630123	0.046195326542840025
581.1	0.24497648567764002	0.047744091668656
581.7	0.24454845229230932	0.04708120318630365
582.2	0.2447393465158084	0.04712072839068227
582.7	0.24407995358894574	0.04707409155261916
583.3	0.24436030919703422	0.04751823100446954
583.8	0.2444142117105332	0.04792875139157438
584.3	0.24435874719891604	0.047024504084014006
584.9	0.24504963359492749	0.04807916181606519
585.4	0.24445135863928646	0.04819696881714186
586.0	0.24475993804852866	0.04817813765182186
586.5	0.2447120580515671	0.04849884526558892
587.0	0.24469828910972236	0.047753131823928284
587.6	0.24475810575841261	0.04794992534742162
588.1	0.24495104039167687	0.04826243773973779
588.6	0.24457131206035274	0.04896626768226333
589.2	0.24462078437356935	0.04854368932038835
589.7	0.24434963685306516	0.04836869723933379
590.2	0.24455721897995433	0.0490916339199271
590.8	0.2441836838362288	0.048838934215781366
591.3	0.24465002795709856	0.04870389402763504
591.9	0.2444557477110885	0.049040876912537106
592.4	0.24468898058994346	0.048869814020028615
592.9	0.2445408163265306	0.04910330602188735
593.5	0.24452741407528641	0.0485843909722621
594.0	0.2446404759462509	0.04889989632530815
594.5	0.2445758354755784	0.04965931400854602
595.1	0.24501704017349996	0.04940562481878805
595.6	0.2447476267054002	0.04987182474947564
596.1	0.2447090634912381	0.05012267788293025
596.7	0.24453487765430165	0.050459521161388514
597.2	0.24510727367870225	0.049679581398083365
597.7	0.2447115636974437	0.04987325355184814
598.3	0.24522443824659265	0.05080940564811533
598.8	0.24515958849907676	0.05075510808409831
599.3	0.24475302098791604	0.05081820886640881
599.9	0.24520868824531517	0.05065486513964476
600.4	0.24472911662663463	0.0509378558159046
601.0	0.2449842170028356	0.05071810588305991
601.5	0.24456114028507125	0.05039692085638682
602.0	0.2445494576307593	0.05114287437428382
602.6	0.24476538172447118	0.05075040684708577
603.1	0.24441580756013745	0.05112745689135415
603.6	0.2447150981865007	0.051033319274567696
604.2	0.24424731182795698	0.05144616870961898
604.7	0.2442122186495177	0.051877708233028404
605.2	0.24434801242901533	0.05184026942506615
605.8	0.24431848564247902	0.052100840336134456
606.3	0.24415875386749172	0.05218068535825545
606.8	0.2450708728551636	0.05239520958083832
607.4	0.24431366311436298	0.05196043379811703
607.9	0.24497885835095137	0.05254408359555899
608.4	0.24456149591782986	0.052086416099437705
609.0	0.24431728699669275	0.05259433962264151
609.5	0.24481892401088548	0.051817433243147866
610.0	0.24487987909739956	0.05240635441702327
610.6	0.2443220206849956	0.05282533746274762
611.1	0.2446098960756941	0.052714169475764266
611.6	0.2442583363304732	0.054163298302344384
612.2	0.24472984036021286	0.05318231472431438
612.7	0.244825124910778	0.0530871983030442
613.2	0.24470349721236695	0.05360906967469948
613.8	0.2447489044476905	0.05378779300192504
614.3	0.2446147680593127	0.0535653937140926
614.8	0.2443456987368316	0.05398269857319402
615.4	0.24478883002426102	0.053990871646443284
615.9	0.2445668207296686	0.05365341003374081
616.4	0.24563889567554362	0.05393962720624622
617.0	0.24499514091350827	0.053356658648589544
617.5	0.24521091331269348	0.05489299134128411
618.0	0.24470791532664524	0.05375472717450027
618.6	0.24458174904942967	0.05467956598428564
619.1	0.2445388063222458	0.0543351374296933
619.6	0.24488455040360427	0.05461652229030214
620.2	0.2450780089153046	0.05415011499059168
620.7	0.2448876197494473	0.05448983824139361
621.2	0.24489422945127245	0.05497839950627443
621.8	0.2450388265746333	0.05452685421994885
622.3	0.24551195308976093	0.054982468621373036
622.8	0.24501679731243	0.054928441846401936
623.4	0.2449962109392413	0.055003512998092946
623.9	0.24515069466021572	0.05584973523828554
624.4	0.24530386740331492	0.055386912167205773
625.0	0.24492134138280527	0.054874720912924835
625.5	0.2453876975914755	0.05550319924606914
626.0	0.24483516483516485	0.05568479928723457
626.6	0.24542462146148783	0.05611262040009879
627.1	0.24504504504504504	0.055833292085333865
627.6	0.24541223988058652	0.05537684960657198
628.2	0.2454214062980368	0.056116389548693586
628.7	0.24492931776275353	0.05594820343004003
629.2	0.24488271984538346	0.05605580843063527
629.8	0.24532123827557356	0.05604602717984327
630.3	0.24510627016039946	0.05642071744862928
630.8	0.24505421553441026	0.05637523676602532
631.4	0.24536604880650753	0.05639587298407293
631.9	0.24465186905453085	0.0564499899376132
632.4	0.24505804832130532	0.056431241790441546
632.9	0.24557133198106829	0.05697455948814299
633.5	0.24522408329560888	0.05730892775200122
634.0	0.24504455355519186	0.05702293202293202
634.5	0.24468475073313783	0.05726826749289956
635.1	0.24495425497678266	0.057596770854895465
635.6	0.24503250195933798	0.05783107511810206
636.1	0.24481847266657394	0.05761402776328149
636.7	0.2447206129695384	0.057690283187703965
637.2	0.2455440900562852	0.05820832452989647
637.7	0.24564295807819123	0.05817101003131469
638.3	0.24535175285045183	0.058347098630574946
638.8	0.2448639908693171	0.058653382612887675
639.3	0.24481426732153927	0.058479218129094616
639.8	0.2451111963190184	0.05889656661628158
640.4	0.24533922736882569	0.05908155529080472
640.9	0.24478288110270374	0.058922558922558925
641.4	0.2447511945557218	0.05901532442125856
642.0	0.24451441026883022	0.058730418645270455
642.5	0.24486426108494003	0.05930626983258562
643.0	0.24512710834589024	0.05950295598861397
643.6	0.24514811031664965	0.05965566399824542
644.1	0.24533632068579223	0.05960810143257039
644.6	0.2453509882192581	0.05928160131615026
645.1	0.24572879039343942	0.059752407152682256
645.7	0.24520494596436568	0.060117382480390544
646.2	0.2453326834023885	0.060078051998021215
646.7	0.2455209347614411	0.060978284711559555
647.3	0.24524261449360005	0.06070252469813392
647.8	0.24563021946008934	0.06037549947999343
648.3	0.2453178068898593	0.06109377566102808
648.9	0.2451231908611259	0.06123785612924353
649.4	0.24503599207691193	0.060416212682501635
649.9	0.24536768963520555	0.06088139281828074
650.4	0.2445299350805482	0.061086095589431996
651.0	0.24519530313922838	0.06101383484651967
651.5	0.24542369641064857	0.06136424912375303
652.0	0.24540344860436314	0.06176755187614235
652.6	0.24556577824148723	0.0612354137672626
653.1	0.24491821877659073	0.061453109996799316
653.6	0.2455157478461466	0.06156706507304117
654.1	0.245343367826905	0.06183980041403472
654.7	0.24567393134412122	0.06211705049651384
655.2	0.245375331997577	0.062158182583087924
655.7	0.2452733776188043	0.0625
656.3	0.2455417110565566	0.06251961912734122
656.8	0.24523085429914293	0.0628381190178943
657.3	0.2448876430311107	0.06286663551887037
657.8	0.2448848812193894	0.06228337902850344
658.4	0.24527442496014576	0.06240675001286207
658.9	0.24535063049986391	0.06272741249423461
659.4	0.24504422771603537	0.06316598360655738
659.9	0.24505196565747853	0.06288312219043728
660.5	0.24497158834671237	0.06297768266585142
661.0	0.24559823479083173	0.06308553971486762
661.5	0.2457402328822551	0.06326281529698942
662.1	0.2456581250280483	0.06396469514050929
662.6	0.2452855543113102	0.06347839302902883
663.1	0.24544844553791098	0.06376518218623482
663.6	0.24507482689300872	0.06410062130625853
664.2	0.24527627641041677	0.06377602587426723
664.7	0.24513653399964305	0.06419379258137775
665.2	0.24514433357091947	0.06433749496576721
665.7	0.24558508740635035	0.06451287228672388
666.3	0.2458723784024989	0.06425865117453902
666.8	0.24558738102685554	0.06490944045330366
667.3	0.2452956688866044	0.06448347421167182
667.8	0.24521809081158383	0.06506572295247726
668.4	0.2449646405872348	0.0655015197568389
668.9	0.2451757331542422	0.06543003395671786
669.4	0.24527963403148406	0.06530467042740255
669.9	0.24542305789213262	0.06519303249465214
670.5	0.2456092947851932	0.06603436846667686
671.0	0.24538163467603857	0.06587346167594342
671.5	0.24503878766011186	0.06603002757634563
672.0	0.2455092529749785	0.06591095609355765
672.6	0.24570314271461613	0.06596740192297805
673.1	0.2454994785289983	0.06648498560263266
673.6	0.24544752736024703	0.06605863863554387
674.1	0.24570102811391137	0.0659817233723992
674.7	0.2452271381054358	0.06670111082407647
675.2	0.24510027867878842	0.0661688446380419
675.7	0.24546907098835882	0.06671846671846672
676.2	0.24490263459335623	0.0671866874674987
676.8	0.2457498968977684	0.06715252472670484
677.3	0.2450020681097477	0.06716768435885392
677.8	0.2453211937278705	0.06799310668964437
678.3	0.24540755100156927	0.0674116042387997
678.9	0.2456561922365989	0.06724762454722033
679.4	0.24525331110493656	0.06780641767490794
679.9	0.24514484356894553	0.06755831709757254
680.4	0.24513220874575956	0.0675861340097231
681.0	0.2452303396928804	0.06835978835978836
681.5	0.2448922474111391	0.06805282978836259
682.0	0.2454541205067078	0.06845380564863571
682.5	0.24537210172026927	0.06879685257057791
683.1	0.2449438202247191	0.06861857865318073
683.6	0.2449621870449528	0.06853998611036914
684.1	0.24492671927846674	0.0686080683943361
684.6	0.24502188956362095	0.06850929348117199
685.1	0.24573041637261822	0.06872392769280138
685.7	0.24527323306143617	0.06868264436223259
686.2	0.24522968197879857	0.06916318439944284
686.7	0.2454005094820266	0.06870474658085278
687.2	0.2449056603773585	0.06973627787307032
687.8	0.24543006943460394	0.06965120653517494
688.3	0.24527856468366382	0.07011426425620942
688.8	0.24498675747256904	0.06986124556308487
689.3	0.24505723204994798	0.06935856766492822
689.8	0.24522323117669315	0.06992743886052137
690.4	0.24519549370444002	0.07072881903326515
690.9	0.2451875325166722	0.07022351171287342
691.4	0.24549315714959888	0.07061344762925262
691.9	0.24490085656145	0.07054835064306086
692.4	0.24518504531722055	0.07054342578187865
693.0	0.2449230187966374	0.07009069929694628
693.5	0.2452500236317232	0.07066530634162058
694.0	0.24555025730607621	0.071210252560459
694.5	0.24514941226455175	0.07165826991103012
695.1	0.24531861704636573	0.07099576384792751
695.6	0.24534000283139068	0.07084629411133755
696.1	0.2451993394668554	0.07149364917734069
696.6	0.24487100881950669	0.07140176896274457
697.1	0.2451789334716394	0.07165442949782946
697.7	0.24506059320035836	0.07170418006430868
698.2	0.24492780975747852	0.07175032175032175
698.7	0.2455188679245283	0.07187650747708635
699.2	0.2448007545390238	0.07163154790627849
699.7	0.24541468244613135	0.07213290460878885
700.3	0.24545970488081725	0.0728679671126874
700.8	0.24525802942150324	0.07219323255688848
701.3	0.24497344461305007	0.07226119805720453
701.8	0.2445899772209567	0.07295095235525818
702.3	0.2448233282674772	0.0733682448847379
702.8	0.24534043362495245	0.07258369841527394
703.4	0.24485919171771858	0.07301793043853964
703.9	0.24450064417617026	0.07261478345815696
704.4	0.2446360153256705	0.07354142833796372
704.9	0.24493510225585516	0.07312684044061511
705.4	0.2446236559139785	0.07351174221736756
706.0	0.24492355182559206	0.0739276102597902
706.5	0.24566320367238464	0.07391088836261497
707.0	0.24495523832567143	0.07356182499448975
707.5	0.24511657214870824	0.07385516212782411
708.0	0.24532244739272002	0.074404432132964
708.5	0.2447518386829672	0.07420789327404113
709.1	0.24522401915278252	0.0742433532133103
709.6	0.24506876804855368	0.07460352914898369
710.1	0.24410724808485562	0.07487651549169286
710.6	0.2448828970675064	0.07462014631401238
711.1	0.24453005383513607	0.07464796697392977
711.7	0.24445764053840063	0.07529078014184397
712.2	0.24497094322753687	0.07438676554478038
712.7	0.24484215759383546	0.07527004629365033
713.2	0.24498953036195034	0.07559308403699236
713.7	0.24514550990865072	0.07571651000519002
714.2	0.2448510297940412	0.07574793125397836
714.8	0.24518581503526235	0.07542564936951596
715.3	0.2450165280977662	0.07585482553390127
715.8	0.24519592594450856	0.07613915895513647
716.3	0.24470115519839278	0.07615796598199047
716.8	0.2446183953033268	0.07657445556209536
717.3	0.24469312992422343	0.07652820391786641
717.8	0.2451359911517772	0.07622945957169129
718.4	0.2452232502011263	0.07663973384030419
718.9	0.245150266358428	0.07652970208717369
719.4	0.24466536124918412	0.07632268827454719
719.9	0.24481181850158285	0.07708345743730267
720.4	0.2448251607717042	0.07739974974676757
720.9	0.2444812362030905	0.07750877401701267
721.4	0.24466857343569673	0.07692765704078595
722.0	0.2443899018232819	0.07747190677210297
722.5	0.24447562258856542	0.07794981313400962
723.0	0.24423317488116086	0.0773689814267124
723.5	0.24477656702989103	0.07783158143380182
724.0	0.24416284174815406	0.07782032400589102
724.5	0.24480830670926518	0.07745276911305986
725.0	0.24445993725412082	0.0778748607283176
725.6	0.24420455676052133	0.0784428337619827
726.1	0.2441860465116279	0.0782725259354237
726.6	0.24481369086115118	0.07873097334810754
727.1	0.24434838773786455	0.07817684382094417
727.6	0.2440041710114703	0.07841998257333721
728.1	0.24460645737241482	0.07857225634488353
728.6	0.24420969101820167	0.0787479025632124
729.1	0.2444136154189169	0.07878648056292537
729.7	0.24437617679120008	0.07918395573997233
730.2	0.24432775190726247	0.07888070013818517
730.7	0.2442627013630731	0.07838848920863309
731.2	0.24440372424722662	0.07951281167413536
731.7	0.24451488286860482	0.07916188289322618
732.2	0.24516448182043038	0.07945503463277806
732.7	0.24454018719358192	0.07972965232831204
733.2	0.24336107808164884	0.0801487414187643
733.8	0.24489795918367346	0.08025186033199772
734.3	0.24410033146984614	0.07993381639755805
734.8	0.24428423287738876	0.08039829302987198
735.3	0.24372812854256	0.0804923705258381
735.8	0.2439012394255361	0.07993206906311916
736.3	0.24411187438665358	0.08000225835591689
736.8	0.24430733068899663	0.08006756756756757
737.3	0.24413375048885413	0.08020429926474715
737.8	0.2443706344942119	0.08117957055558671
738.4	0.2441951219512195	0.08093132590809873
738.9	0.243776489501632	0.08057666517657577
739.4	0.24452448165092963	0.08085771722135358
739.9	0.24380627889997566	0.08094839609483961
740.4	0.24362647501578205	0.08101195440644982
740.9	0.24368889537428864	0.08138499220663549
741.4	0.24404704052872	0.08110511979543054
741.9	0.2443482911177014	0.08204102051025512
742.4	0.24442175878664138	0.08169280391502613
742.9	0.2440898920128417	0.08208291652773146
743.4	0.2444292749524599	0.08158716005349978
744.0	0.2440787224691117	0.08150295462147397
744.5	0.24457690052765294	0.0823155429145056
745.0	0.24402429467084638	0.08202950379973178
745.5	0.2444193690820782	0.08209748726845374
746.0	0.2441517593866719	0.08199383926071128
746.5	0.24438436962398624	0.0822554454336749
747.0	0.24456923304270725	0.08257138049026758
747.5	0.2445080712840006	0.08315529067806139
748.0	0.24428536163910144	0.082874480278683
748.5	0.2439566958327154	0.08297704770477048
749.0	0.24401249566122873	0.083248730964467
749.5	0.24464223559246184	0.08338990721882779
750.0	0.24383929904913626	0.0838330127842516
750.5	0.24444666800080048	0.08394430235862461
751.1	0.24404314020566842	0.08380365999657945
751.6	0.24417844389679627	0.08411428571428571
752.1	0.2444242607730346	0.08446585239979357
752.6	0.24446242540710023	0.08427095292766934
753.1	0.24414715719063546	0.0843491260349586
753.6	0.24451331030278398	0.0847457627118644
754.1	0.24359300962959188	0.08438745451394905
754.6	0.24382005220328573	0.08416042718672007
755.1	0.24460985626283369	0.08440954043048284
755.6	0.244150087619833	0.085205719288007
756.1	0.24437781109445278	0.085025454971034
756.6	0.2447112635791881	0.08485347769801106
757.1	0.2442036159016308	0.08512645168897011
757.6	0.24486381933190443	0.08500443655723158
758.1	0.24468140988601145	0.08499643620812544
758.6	0.24441392425122815	0.08580818643561398
759.1	0.24490878235044547	0.08571086070486694
759.6	0.24430123561994035	0.08606483430564744
760.1	0.2442805217019457	0.08591957493056394
760.7	0.2442366596807996	0.08638902379796018
761.2	0.24405756481431573	0.08669956741607263
761.7	0.24420677361853832	0.08608584162647293
762.2	0.2440586001085187	0.08687128591557924
762.7	0.24383053068355537	0.08690821554225048
763.2	0.24402227317392727	0.08714946070878274
763.7	0.24361158432708688	0.08716165880307922
764.2	0.24373274434014355	0.08748519049697574
764.7	0.24358050024957018	0.08801802929760862
765.2	0.24411206607880342	0.08723310449077282
765.7	0.24354367841904334	0.08779714738510301
766.2	0.24450704225352113	0.08821848205779613
766.7	0.24424929178470256	0.08775523266978173
767.2	0.24378704970360238	0.0881861421776578
767.7	0.24453747777714055	0.08839314581312642
768.2	0.24412983425414364	0.08780361085855305
768.7	0.24392501735709327	0.08816432996413433
769.2	0.24442763196182274	0.08867899776990686
769.7	0.24470698327289742	0.08843313109997362
770.2	0.24455660543459123	0.08906373975138852
770.7	0.24475977390485162	0.08877977572821975
771.2	0.24436290465763152	0.08986666666666666
771.7	0.2443522087162763	0.08945153316854833
772.2	0.24435844001190832	0.0889350579719858
772.7	0.24445904773283947	0.08956328645447817
773.2	0.2447829215639242	0.08901054339010543
773.7	0.24464629451395573	0.09035450416864367
774.2	0.2443975903614458	0.09018729641693811
774.7	0.24492639486278547	0.08976893190648218
775.2	0.24455264759586123	0.09024256543785117
775.7	0.24447421299397187	0.09016730663741086
776.2	0.2444077741107444	0.09087782058337919
776.7	0.24499663382091927	0.09038302562689446
777.2	0.2444948782432681	0.09089654220443094
777.7	0.2450600184672207	0.09102884082085413
778.2	0.2447833065810594	0.09118688797833183
778.7	0.24494590417310663	0.09143373661521347
779.2	0.24496373892022563	0.09153062648248919
779.7	0.24481173107990556	0.09181748305499267
780.2	0.2445743423916423	0.09169695275370422
780.7	0.24527713697861464	0.09230553412358841
781.2	0.24465290806754222	0.09207844239825684
781.7	0.2456415401981688	0.09242392148556097
782.2	0.24543686884526125	0.09247903009797702
782.6	0.24435641074011194	0.09238169342859164
783.1	0.24514379414732593	0.09231423709585933
783.6	0.24461975386557275	0.0925072658963635
784.1	0.24475082216038452	0.09289423145316168
784.6	0.2446216147810681	0.09216983144868786
785.1	0.24520174827389624	0.09239866068248201
785.6	0.24513840501678597	0.09265721814685564
786.1	0.24426510770794943	0.09360942520528383
786.6	0.2449901393218398	0.09315303713243185
787.1	0.24513049013367283	0.09376341009869833
787.6	0.2447297815254887	0.09383301026635078
788.1	0.24527939576265761	0.09321911891736251
788.6	0.2447592794409898	0.09461405529953917
789.1	0.2446890691386636	0.09389671361502347
789.6	0.2443812968225265	0.09370010161126434
790.1	0.244824016563147	0.09421343413783076
790.6	0.24501979105833496	0.09442905060522094
791.1	0.24484351616891145	0.09461628246279545
791.6	0.2445864857813723	0.09388502380080557
792.0	0.24480293789756705	0.09465930018416206
792.5	0.24521098018563622	0.09507614963773474
793.0	0.24570446735395188	0.09512502782518364
793.5	0.24522292993630573	0.09464897898345506
794.0	0.24635849684070502	0.09580659603044321
794.5	0.245037096450772	0.09537745760168093
795.0	0.2449171940218123	0.09539274924471298
795.5	0.24504516650937036	0.09581064730792499
796.0	0.24535593220338983	0.09601766542298028
796.5	0.24571078431372548	0.09587471352177235
797.0	0.2447581197752501	0.09542483660130718
797.5	0.24474898422973623	0.09616573902288188
798.0	0.24541109648819007	0.09587123862841147
798.4	0.2448182008514202	0.09610267647519173
798.9	0.24475328139257388	0.09632196581869733
799.4	0.24526300904977374	0.09635210150674069
799.9	0.2452857041201167	0.09675101780154866
800.4	0.24527761877504292	0.09731247492980345
800.9	0.24546370967741934	0.09731652117685095
801.4	0.2456382669380634	0.09671622283940533
801.9	0.24509229416935246	0.09765528589058001
802.4	0.2458810491318803	0.09715894972252133
802.9	0.2463865295783043	0.09776699841097265
803.3	0.2448749718405046	0.09783615391092026
803.8	0.2456326098464796	0.09713024282560706
804.3	0.2458555133079848	0.09792715175296426
804.8	0.2461821809531118	0.09815580834195105
805.3	0.2460182464821401	0.09823983352120004
805.8	0.24550711048601345	0.09821272121955493
806.3	0.24607989914112363	0.09943482868244437
806.8	0.2458144886138221	0.09884238646482636
807.2	0.2464382903793821	0.10047589117356559
807.7	0.24522215950326587	0.09892297945515431
808.2	0.24574407428524883	0.09882181021097818
808.7	0.24577799639285128	0.09845417740154583
809.2	0.24597074138358543	0.09851576994434137
809.7	0.24653993663498416	0.09864295741693964
810.2	0.2460090741051924	0.10010358790846596
810.7	0.24631418403660396	0.09989554648181559
811.1	0.24655776960574702	0.09958784625706892
811.6	0.2466591947581688	0.09957463263727764
812.1	0.24615518290033886	0.1005260081823495
812.6	0.24555409548839247	0.10053013940702926
813.1	0.2464484249536751	0.10073296354992076
813.6	0.24646320847050449	0.100868003591739
814.1	0.2458195475274971	0.1000100210441928
814.5	0.2465753424657534	0.100555275113579
815.0	0.2461650176999183	0.10175866626003863
815.5	0.24679369732502748	0.10186896693366194
816.0	0.24610850142765037	0.10182794588453992
816.5	0.2460708639449456	0.10166666666666667
817.0	0.24625608386372144	0.10169846928077166
817.4	0.24581058181133497	0.10122311261071278
817.9	0.24601820250284415	0.10174171622769754
818.4	0.24644051600573338	0.10192719486081371
818.9	0.2468019621044532	0.10108965368432409
819.4	0.24676078128021658	0.10242529233434387
819.9	0.24615534358575045	0.10311750599520383
820.3	0.24696673189823876	0.1027382256297919
820.8	0.24596138691883374	0.10224136027382136
821.3	0.24668251138839375	0.10326869806094183
821.8	0.24681020733652312	0.10380198461366931
822.3	0.24520341536916124	0.10302213234468037
822.7	0.24659469276561397	0.10352223978324679
823.2	0.24645174371451745	0.1028344671201814
823.7	0.24631043256997456	0.10393162393162393
824.2	0.24703233729021695	0.10265811182401467
824.7	0.24729743642540924	0.10377358490566038
825.2	0.24764370792335577	0.10407501736513082
825.6	0.24711148121161652	0.10389005357558817
826.1	0.2468062827225131	0.10498595505617977
826.6	0.24693042291950887	0.10531264692054537
827.1	0.24696313510087672	0.10355834022934153
827.6	0.24742814720543005	0.10319060609654845
828.0	0.24731297222517826	0.10456816559600285
828.5	0.24706384796070896	0.10475509474436896
829.0	0.24761394101876674	0.10531366198872497
829.5	0.2459086993970715	0.10563041385948027
829.9	0.24670127622755786	0.10587382160986222
830.4	0.24630595393307259	0.10599805730937348
830.9	0.24822462580574675	0.10537240537240537
831.4	0.24830378638651784	0.10525027536409252
831.9	0.24741587860127556	0.10515970515970516
832.3	0.2476790450928382	0.10556242274412855
832.8	0.24697390338700723	0.1054590570719603
833.3	0.24694104560622915	0.10615288999378496
833.8	0.24804643893726278	0.10522369407648088
834.2	0.24719982078853048	0.10677669417354338
834.7	0.2475581003704951	0.10536206464545227
835.2	0.2463931469792606	0.10680100755667506
835.7	0.2462948297318701	0.1068991660348749
836.1	0.24725087858519443	0.10787541149658142
836.6	0.24758440377401386	0.10697023658102264
837.1	0.2468303826384923	0.10661905369213111
837.6	0.24690650779101742	0.1057285659361784
838.0	0.24807449132084147	0.10751445086705202
838.5	0.24682521357654122	0.10785705070313507
839.0	0.24667360870068264	0.1079229675584852
839.5	0.24742268041237114	0.10794350136063237
839.9	0.24636670154633183	0.10710112943009217
840.4	0.24673963670237542	0.10871261378413524
840.9	0.24877365101611773	0.10880626223091977
841.4	0.2475375234521576	0.10755088640840446
841.8	0.24711832509997647	0.10816834928543333
842.3	0.2471101674923331	0.10771661838293389
842.8	0.2481060606060606	0.1091703056768559
843.3	0.24759301081659338	0.10997340425531915
843.7	0.24752829064919596	0.10966022651565623
844.2	0.24772944550669215	0.11029509947923621
844.7	0.24840917276984031	0.10964794410104811
845.1	0.24713820942282202	0.11002017484868863
845.6	0.24831325301204818	0.1103169251517195
846.1	0.24818489835430785	0.10852188050399675
846.6	0.24745021855269547	0.10843864655523848
847.0	0.24662367684633166	0.10969145031942368
847.5	0.24660882316998656	0.10837775044417111
848.0	0.24794301854353432	0.10995052226498075
848.4	0.24731713334155667	0.11040574109853712
848.9	0.24770642201834864	0.10989315942833357
849.4	0.24772245101709722	0.10837988826815642
849.8	0.24799599198396793	0.11101754385964913
850.3	0.24717123459894394	0.11157953906689151
850.8	0.24712861289915436	0.11064010173802459
851.3	0.24746450304259635	0.11098479465681399
851.7	0.24770408163265306	0.11076175503787337
852.2	0.24807790876473604	0.11184493898061737
852.7	0.24797323381804143	0.11136757068667051
853.1	0.24702995867768596	0.11176980913823019
853.6	0.2480176784089432	0.11190441497887221
854.1	0.24843342036553526	0.11296458882060287
854.5	0.24806201550387597	0.11230497497792169
855.0	0.24927459773146926	0.11300103534980033
855.5	0.24724618447246186	0.11165625929229854
855.9	0.2491982896846606	0.1125599520383693
856.4	0.24808184143222506	0.11235276351555422
856.9	0.24764087355082232	0.11321325866505222
857.3	0.24735126324368378	0.11416361416361416
857.8	0.24766739846322722	0.11314937567442578
858.3	0.24906651915364403	0.11286294099281924
858.7	0.24742554967993322	0.11470265181233329
859.2	0.24860646599777034	0.11399779562273658
859.7	0.24692737430167597	0.11343942019851899
860.1	0.24839070808844108	0.1127831458894345
860.6	0.24943757030371203	0.11411219434233659
861.1	0.24992923860741578	0.11350829174046047
861.5	0.24854009400370317	0.11382113821138211
862.0	0.24576757532281204	0.11381179175562489
862.4	0.24859327658346558	0.11430459200528577
862.9	0.24742417646205195	0.11469951722989845
863.4	0.24770374690188074	0.11577181208053691
863.8	0.24850168104078352	0.11297141890749196
864.3	0.2480460109128447	0.11272416737830913
864.8	0.2479253112033195	0.114762560220234
865.2	0.2472044132995378	0.11537126995142262
865.7	0.2486470234515935	0.1147167163655499
866.1	0.2497360880711808	0.11428571428571428
866.6	0.2478023643528342	0.11419423692636073
867.1	0.24786324786324787	0.1128453534266236
867.5	0.24769797421731124	0.11153221440173254
868.0	0.2485362095531587	0.11054545454545454
868.5	0.24848672978426198	0.11371115173674588
868.9	0.24733709273182958	0.11275415896487985
869.4	0.24790646231632169	0.11003537516291194
869.8	0.24599269957149658	0.11082040740048589
870.3	0.24681122448979592	0.11023622047244094
870.8	0.24603555982700626	0.108789760963674
871.2	0.24726512226512226	0.1090119025127527
871.7	0.24793789422610382	0.10909434675742107
872.1	0.24812764571800716	0.1080568720379147
872.6	0.2483606557377049	0.10967250571210967
873.0	0.2508653370693918	0.113909559244419
873.5	0.25323597743113174	0.11647126657697482
874.0	0.2564701953581566	0.12295555127958438
874.4	0.25686373589354894	0.12917551650897857
874.9	0.2610912799592045	0.14030314807617567
875.3	0.2606237148732008	0.14828599412340843
875.8	0.26119273984442526	0.15973871733966746
876.2	0.2608162550359082	0.16720128307939053
876.7	0.260427807486631	0.16625866993064056
877.2	0.2573502722323049	0.1615993336109954
877.6	0.25227906976744185	0.14243133915265063
878.1	0.24869866975130134	0.12233692071161871
