349.8	0.22448979591836735	-0.07613168724279835
350.3	0.2542857142857143	-0.172147001934236
350.8	0.2969187675070028	-0.22820037105751392
351.3	0.2853107344632768	-0.24738675958188153
351.9	0.28378378378378377	-0.24873949579831933
352.4	0.2810810810810811	-0.24792013311148087
352.9	0.2750642673521851	-0.20717781402936378
353.4	0.2601010101010101	-0.19032258064516128
354.0	0.25879396984924624	-0.14009661835748793
354.5	0.25879396984924624	-0.11793214862681745
355.0	0.2512437810945274	-0.09195402298850575
355.5	0.21739130434782608	-0.06622516556291391
356.0	0.21770334928229665	-0.043333333333333335
356.6	0.20665083135391923	-0.03204047217537943
357.1	0.1939252336448598	-0.02689075630252101
357.6	0.20909090909090908	0.004991680532445923
358.1	0.19534883720930232	0.0016129032258064516
358.7	0.1935483870967742	-0.0015923566878980893
359.2	0.1973392461197339	-0.006289308176100629
359.7	0.20915032679738563	-0.006125574272588055
360.2	0.19787234042553192	-0.025602409638554216
360.8	0.2182952182952183	-0.005856515373352855
361.3	0.21181262729124237	-0.030390738060781478
361.8	0.21912350597609562	-0.021037868162692847
362.3	0.228515625	-0.01226158038147139
362.9	0.21333333333333335	-0.00398406374501992
363.4	0.21851851851851853	0.003926701570680628
363.9	0.21072088724584104	-0.01918158567774936
364.4	0.2185792349726776	-0.007575757575757576
364.9	0.22898032200357782	-0.018633540372670808
365.5	0.23036649214659685	-0.03194103194103194
366.0	0.22145328719723184	0.0
366.5	0.22504230118443316	-0.02122641509433962
367.0	0.21440536013400335	-0.00702576112412178
367.6	0.24104234527687296	-0.011574074074074073
368.1	0.2161290322580645	-0.011376564277588168
368.6	0.2279874213836478	-0.011135857461024499
369.1	0.2204968944099379	-0.0065717415115005475
369.7	0.2127659574468085	-0.014054054054054054
370.2	0.22801788375558868	-0.00847457627118644
370.7	0.2246376811594203	-0.014477766287487074
371.2	0.23120567375886525	-0.014373716632443531
371.8	0.23994452149791956	-0.01503006012024048
372.3	0.22982216142270862	-0.008832188420019628
372.8	0.23466666666666666	-0.008687258687258687
373.3	0.23026315789473684	-0.010396975425330813
373.9	0.24265644955300128	-0.014111006585136407
374.4	0.23203026481715006	-0.006445672191528545
374.9	0.2343558282208589	-0.01084010840108401
375.5	0.2253012048192771	-0.015070921985815602
376.0	0.23333333333333334	-0.011333914559721011
376.5	0.23693379790940766	-0.005988023952095809
377.0	0.23103057757644394	-0.007531380753138075
377.6	0.24835164835164836	-0.004084967320261438
378.1	0.25	-0.008012820512820512
378.6	0.2405857740585774	-0.002352941176470588
379.1	0.2474437627811861	-0.004629629629629629
379.7	0.24426719840478564	-0.004524886877828055
380.2	0.24148003894839337	-0.005912786400591279
380.7	0.2420749279538905	-0.005805515239477504
381.2	0.24881740775780511	-0.007137758743754461
381.8	0.2467889908256881	-0.0070126227208976155
382.3	0.242973708068903	0.0013783597518952446
382.8	0.25044404973357015	-0.004768392370572207
383.4	0.2517482517482518	-0.006711409395973154
383.9	0.23979148566463945	0.008655126498002663
384.4	0.25	-0.005263157894736842
384.9	0.2461799660441426	-0.003913894324853229
385.5	0.25374376039933444	0.0006464124111182935
386.0	0.24668874172185432	0.0
386.5	0.24939073923639318	0.0006333122229259025
387.1	0.2553699284009546	0.0018844221105527637
387.6	0.25258141382049243	0.002489110143123833
388.1	0.2533022533022533	0.0024479804161566705
388.6	0.254601226993865	0.005428226779252111
389.2	0.25487256371814093	0.005353955978584176
389.7	0.25220588235294117	0.002937720329024677
390.2	0.2536127167630058	0.0023014959723820483
390.8	0.25263157894736843	0.007825600894354388
391.3	0.25991792065663477	0.010382513661202186
391.8	0.2578490313961256	0.008547008547008548
392.3	0.25762491888384165	-0.0020964360587002098
392.9	0.2587635436583811	0.0020429009193054137
393.4	0.2647241165530068	0.001002004008016032
393.9	0.25757575757575757	0.0063756743501716525
394.5	0.255786350148368	0.008649687650168188
395.0	0.25836216839677045	0.008450704225352112
395.5	0.25892351274787534	0.0027752081406105457
396.0	0.26145251396648045	0.0009140767824497258
396.6	0.25730027548209367	0.0013458950201884253
397.1	0.25962059620596206	0.008444444444444444
397.6	0.2620689655172414	0.00441306266548985
398.2	0.25516146109052407	0.008311461067366578
398.7	0.25447839831401475	0.0078125
399.2	0.2548101924076963	0.005179110919292188
399.8	0.2533470648815654	0.004706889174154899
400.3	0.25204498977505113	0.006391137622496805
400.8	0.2529262086513995	0.004664970313825276
401.3	0.25691302161890395	0.003368421052631579
401.9	0.259222333000997	0.0066945606694560665
402.4	0.25663716814159293	0.003728251864125932
402.9	0.2541302235179786	0.002461033634126333
403.5	0.2574021012416428	0.008090614886731391
404.0	0.25727699530516435	0.004396482813749001
404.5	0.2590027700831025	0.004733727810650888
405.1	0.25546448087431695	0.010823347506764593
405.6	0.25245755138516535	0.005325218714340053
406.1	0.2565674255691769	0.01081685938082805
406.7	0.2554557124518614	0.009604728481714075
407.2	0.25925925925925924	0.010834236186348862
407.7	0.25547747002893756	0.010305614783226724
408.2	0.2570965125709651	0.010118632240055827
408.8	0.25605398967844384	0.007887517146776405
409.3	0.25956284153005466	0.006763611768684477
409.8	0.2553680981595092	0.008032128514056224
410.4	0.2554882664647994	0.009213557091148404
410.9	0.2568569310600445	0.008746355685131196
411.4	0.2534849596478357	0.01118925831202046
412.0	0.2556715880446525	0.007906388361796331
412.5	0.2562366357804704	0.011548064918851436
413.0	0.25562587904360057	0.011732016054337758
413.6	0.2539902845246357	0.009788926277148976
414.1	0.25308641975308643	0.011483831973405863
414.6	0.25914634146341464	0.012912912912912912
415.2	0.2561016382480776	0.013633669235328987
415.7	0.25752066115702477	0.012012891883973044
416.2	0.2558746736292428	0.010428736964078795
416.8	0.25322164948453607	0.009496402877697842
417.3	0.2576433121019108	0.011082693947144074
417.8	0.2598870056497175	0.011542792792792793
418.4	0.25583566760037346	0.008642319487036521
418.9	0.2558282208588957	0.010459675199559593
419.4	0.25591985428051	0.01064410480349345
420.0	0.257134274556924	0.012172031376791993
420.5	0.2557932263814617	0.01155292853304675
421.0	0.2556701030927835	0.010130631831511597
421.5	0.2568353694008144	0.012644889357218124
422.1	0.25144675925925924	0.012572027239392353
422.6	0.2551487414187643	0.012204622176058166
423.1	0.2541123085649461	0.013164687661331956
423.7	0.25400393368923857	0.012840267077555213
424.2	0.25551521921251047	0.01627670396744659
424.7	0.25511898173768677	0.01389941875157948
425.3	0.25596053713346123	0.011581067472306143
425.8	0.2539509536784741	0.0124750499001996
426.3	0.25094850948509484	0.015384615384615385
426.9	0.25328330206378985	0.012564671101256468
427.4	0.25232898589299974	0.012239902080783354
427.9	0.2521716241116083	0.014111922141119221
428.5	0.2553357626236335	0.01561749159058145
429.0	0.25308641975308643	0.01667857993805099
429.6	0.2541856925418569	0.014806110458284371
430.1	0.255	0.015755329008341055
430.6	0.25325792967789523	0.015996343692870202
431.2	0.2515071135760791	0.01684257803727824
431.7	0.25414495499763146	0.01588702559576346
432.2	0.2527906976744186	0.015842013888888888
432.8	0.25177223873770865	0.015430775825117874
433.3	0.25303370786516854	0.01412310286677909
433.8	0.25364238410596024	0.015938729041606294
434.4	0.2517331022530329	0.016306563391765186
434.9	0.25176621708413616	0.01588897827835881
435.4	0.25293870696893367	0.016650148662041626
436.0	0.253217102532171	0.01544175136825645
436.5	0.2505120852109791	0.01680509947846243
437.0	0.2528898803488136	0.015360983102918587
437.6	0.25190380761523046	0.01804025826053931
438.1	0.251494619370267	0.014962121212121211
438.6	0.2516818361693708	0.01672303645246148
439.2	0.24945812807881773	0.01646090534979424
439.7	0.24897240164415738	0.015479298769116
440.2	0.25253510140405616	0.01602086438152012
440.8	0.2505361668941314	0.016942841184137032
441.3	0.2511167216935327	0.016149990718396137
441.8	0.24970918960837535	0.01812465322729795
442.4	0.2508710801393728	0.016879985160452606
442.9	0.24927424037158893	0.017410631598444155
443.5	0.2507237984944991	0.0177744862062581
444.0	0.2500480861704174	0.01574074074074074
444.5	0.24947145877378435	0.01812800591934887
445.1	0.2511975474228779	0.016589861751152075
445.6	0.2501905487804878	0.017225581821513652
446.1	0.25023553796872056	0.01928324540658541
446.7	0.24804031354983203	0.018990775908844276
447.2	0.24935161170804002	0.01833213515456506
447.7	0.24935779816513762	0.017562533262373604
448.3	0.24850786760716223	0.018245614035087718
448.8	0.2500891901534071	0.019560325428423057
449.3	0.2495171202809482	0.018076398362892224
449.9	0.24866171645657054	0.017821116341627436
450.4	0.2502119003220885	0.0183228788379003
450.9	0.24770642201834864	0.01955671447196871
451.5	0.24930339288641207	0.01890116930962678
452.0	0.24754704841563455	0.01981755268952501
452.6	0.25114806017418845	0.019066811347077973
453.1	0.24809457147301292	0.020240450464160707
453.6	0.24708588957055214	0.02100840336134454
454.2	0.2477769404672193	0.02171664943123061
454.7	0.24802856717750335	0.019576333089846604
455.2	0.24816876648110167	0.019355770619673553
455.8	0.2470605312817535	0.01998001998001998
456.3	0.24665804225959465	0.020364870598218072
456.8	0.24718460441910192	0.019571951562940018
457.4	0.24879977407512002	0.020223152022315203
457.9	0.2469828795958462	0.020124913254684247
458.5	0.24674597620713787	0.02109353316680544
459.0	0.24790969899665552	0.01987577639751553
459.5	0.24850839461634522	0.021197522367515487
460.1	0.2480942480942481	0.021022258862324814
460.6	0.24716459197787	0.021571860401209123
461.1	0.24703284570797682	0.02114222954420648
461.7	0.24786442546155965	0.022054794520547944
462.2	0.24548587181254308	0.02137279079325935
462.7	0.24693568379011155	0.02110167169087421
463.3	0.24800988196541313	0.022705512241827385
463.8	0.24708304735758407	0.02164680093163447
464.4	0.24835706462212487	0.02051983584131327
464.9	0.24618528610354223	0.021264994547437296
465.4	0.24643971246439714	0.020203389830508473
466.0	0.24515868746637978	0.021422797089733225
466.5	0.2479593202194567	0.022788203753351208
467.0	0.24701195219123506	0.02079445481205012
467.6	0.24673267326732673	0.02279353299761463
468.1	0.24554973821989529	0.021847854698604896
468.7	0.24705119896305897	0.02216427640156454
469.2	0.24633581897660067	0.023273855702094646
469.7	0.24599338590689393	0.023544465770953295
470.3	0.2462178517397882	0.023001652052357352
470.8	0.24600599101347978	0.021030096965117744
471.3	0.2460435212660732	0.023491190803448705
471.9	0.24660882316998656	0.0222194790766572
472.4	0.2451550387596899	0.023424086337993623
473.0	0.2454326923076923	0.020868928484256772
473.5	0.24517742319599906	0.02389572773352643
474.0	0.24533648170011807	0.024401913875598084
474.6	0.24523001287603885	0.023048592134964952
475.1	0.24599675098630772	0.023557126030624265
475.6	0.2459431465070779	0.02236272099285798
476.2	0.24536931168534187	0.024985473561882625
476.7	0.24650687265704874	0.02406850266142097
477.3	0.2446351931330472	0.024264029438822447
477.8	0.24482024862806584	0.02513998400182836
478.3	0.24509803921568626	0.024268541619414833
478.9	0.24510129525074725	0.024869997739091116
479.4	0.2441541332747832	0.024242424242424242
479.9	0.24450010890873447	0.02485510477039679
480.5	0.24575262417487284	0.023569768728560363
481.0	0.2448497854077253	0.025052192066805846
481.6	0.2443520886615516	0.02510094947069737
482.1	0.24553807160206992	0.02458838821490468
482.6	0.2454354669464848	0.025941872981700753
483.2	0.24322077922077923	0.02515991471215352
483.7	0.24516596008685762	0.02537424355027073
484.2	0.2448060587452666	0.024413343154793224
484.8	0.24464521368388997	0.025448477263245724
485.3	0.24510595358224016	0.02509592450482215
485.9	0.24465629703963873	0.02522485268272511
486.4	0.24422540820390282	0.025751513286139324
486.9	0.24325659519810294	0.02474793767186068
487.5	0.24459512578616352	0.025664434976668697
488.0	0.2446351931330472	0.025589361273423334
488.6	0.2446447610739556	0.026653306613226454
489.1	0.24545016851227733	0.025730527575546027
489.6	0.24481566820276499	0.026145740133214038
490.2	0.2450596658711217	0.026248019017432647
490.7	0.24346917450365727	0.02608781256152786
491.2	0.24355083459787558	0.02626143405134258
491.8	0.2440751581531489	0.026148271471942024
492.3	0.24456163480553725	0.026728020364205993
492.9	0.24434219175509436	0.02630549579503227
493.4	0.24300732119391777	0.027333073018352205
493.9	0.24315710536182977	0.026647144948755492
494.5	0.24412177985948477	0.028197872963215923
495.0	0.24406270534121843	0.027090464547677263
495.6	0.24372188905547226	0.0271776322221136
496.1	0.24371010138941043	0.02683380667907159
496.6	0.24375352244974638	0.0282574568288854
497.2	0.2442898768681267	0.027655192703736394
497.7	0.2440258644925499	0.02756253065228053
498.2	0.2434365295944293	0.02859388817922767
498.8	0.2438082681985121	0.028402366863905324
499.3	0.24405600977351752	0.028902870625245772
499.9	0.2430959984970881	0.02800982800982801
500.4	0.24301518844927808	0.027491408934707903
500.9	0.24439252336448597	0.02849309703319299
501.5	0.2441222934671499	0.027829133015471443
502.0	0.24460630647243223	0.027995737673157026
502.6	0.2420463922251765	0.028763828763828762
503.1	0.24406440462112253	0.02742737003058104
503.6	0.24343352288112646	0.028175694905606678
504.2	0.24302575107296137	0.029060472115113326
504.7	0.24378153492077542	0.027749324890585715
505.2	0.24436650591845682	0.02891722099039172
505.8	0.24428608672981664	0.029287937030935383
506.3	0.24320850115691148	0.029924961576710967
506.9	0.24276772119776688	0.02916778164302917
507.4	0.24341227484989994	0.030020248261290607
507.9	0.24358445416288474	0.0291016816241178
508.5	0.24366598778004073	0.029198966408268735
509.0	0.24347127360385698	0.029929427769747472
509.6	0.2433097752719765	0.03032084663195028
510.1	0.24350011782263767	0.029786171894500373
510.6	0.24344918746598243	0.03029554622540545
511.2	0.24270873412851096	0.0298580518844836
511.7	0.24347958330165007	0.030334812424364664
512.2	0.24334514742477942	0.02999198075380914
512.8	0.24323718427738752	0.029802113963283795
513.3	0.24335135935995258	0.030560806553245116
513.9	0.24249797242497972	0.030860813033602257
514.4	0.24327493952942902	0.030191917615852708
514.9	0.24283735510680177	0.030813411983855947
515.5	0.2426887821911829	0.031068412489346865
516.0	0.2430646332607117	0.031791460396039604
516.6	0.24260698975514058	0.03140021708792061
517.1	0.24314096499526963	0.03159447290793355
517.6	0.24289462177525142	0.031274311498366264
518.2	0.24355321791219228	0.03143770964973867
518.7	0.243138402986167	0.031513919299343135
519.3	0.2421501580998603	0.031245093421259224
519.8	0.24195338512763595	0.03132663555098489
520.3	0.24197384066587396	0.03151360814897342
520.9	0.24304778945798852	0.031568877551020405
521.4	0.24202008092312302	0.03214171208720744
521.9	0.24315377670779417	0.031980022555179635
522.5	0.24364791288566243	0.032323395981853534
523.0	0.24256031661465866	0.03156606851549755
523.6	0.2424612565844721	0.03245850707219361
524.1	0.24286368493359792	0.03263269812709577
524.6	0.24270729653165915	0.033316921056950596
525.2	0.24298850574712644	0.03325669239612416
525.7	0.24252390057361375	0.03357963875205255
526.3	0.24314442413162707	0.03278286461739699
526.8	0.24310148232611176	0.03419291659866166
527.3	0.24282142586559588	0.033298054221281445
527.9	0.2421155877470952	0.03321451717433571
528.4	0.24213293278257605	0.03323384689844317
528.9	0.24252144722118613	0.033191352567708755
529.5	0.24320309017976527	0.03371684244167466
530.0	0.24243539718766105	0.03303755347805419
530.6	0.24314843236132427	0.03427942448305685
531.1	0.24289855072463767	0.034660421545667446
531.6	0.24260482481332568	0.03435734736516289
532.2	0.24239401496259352	0.03394516550188158
532.7	0.24264395325918625	0.03411594863612188
533.3	0.24242846202046925	0.03451906445062796
533.8	0.24259783283870523	0.03452647278150634
534.3	0.24258337311600628	0.034892298613160226
534.9	0.24273550479794567	0.034905798159778005
535.4	0.24369579719813209	0.03533823741526035
536.0	0.2421658072193574	0.0346973815996566
536.5	0.24249770672257895	0.03518728717366629
537.0	0.24220016864500227	0.03592226197993405
537.6	0.2421377580551804	0.034708670197937
538.1	0.24186758515116724	0.03573159753479676
538.6	0.24174155170231615	0.03598406812251064
539.2	0.24284638554216867	0.03654711577798991
539.7	0.2419294528231335	0.03634025850984638
540.3	0.24210656907139755	0.03609255886122917
540.8	0.24222989639861864	0.03592050490130254
541.3	0.24252471296125744	0.03565943238731219
541.9	0.2418348623853211	0.03631043426215336
542.4	0.24236140757455632	0.035785420262913294
543.0	0.24253118344995436	0.03671062222516732
543.5	0.24242608220508774	0.036311925391891
544.0	0.2420030349013657	0.035910323391310096
544.6	0.2429838415745353	0.03591068707347777
545.1	0.2423489485485728	0.03734549540617357
545.6	0.24233035660044955	0.03685291973221979
546.2	0.24270194817017662	0.03743705274317519
546.7	0.24254207424509386	0.03596072186836518
547.3	0.2428588792998663	0.036899389434563314
547.8	0.24251824817518247	0.036963169791251166
548.3	0.24315757391039317	0.038128249566724434
548.9	0.24271844660194175	0.0377988513423267
549.4	0.242329788534409	0.03784181319783379
550.0	0.24239642616730922	0.03751088485498024
550.5	0.24266552336620323	0.037732055492259234
551.0	0.2419740961266957	0.03824695839214896
551.6	0.24220858895705522	0.03829358414511253
552.1	0.24268862128287047	0.038531492084877064
552.6	0.24235727440147328	0.03820754716981132
553.2	0.2426837533115643	0.039118978447402204
553.7	0.24278417133362054	0.03868223857422534
554.3	0.24292220580994583	0.03864081605080051
554.8	0.2422341145352771	0.039092566335831476
555.3	0.24207421971000245	0.03926330702286986
555.9	0.24236652945874546	0.03905828386400432
556.4	0.24201639544842776	0.03964254518578244
556.9	0.2429006703229738	0.03933789036322209
557.5	0.24197080291970802	0.03964108745145306
558.0	0.2421818181818182	0.04011748214404913
558.6	0.24219551959422742	0.039850974652385074
559.1	0.2420912822989616	0.03987505815112647
559.6	0.24285714285714285	0.0403017669247568
560.2	0.24269407757126635	0.03992094861660079
560.7	0.24253242889444246	0.040028873285648664
561.3	0.2426470588235294	0.03996860077189769
561.8	0.24249408983451537	0.04056345376287988
562.3	0.24310010004119342	0.040431617264690585
562.9	0.24247756466654935	0.04019709543568465
563.4	0.2426719607614154	0.040591120289106865
563.9	0.24246487494898852	0.04098730424695495
564.5	0.24287455738085564	0.04051364365971107
565.0	0.24221192819918935	0.041301146186847666
565.6	0.24266404805914973	0.04107222826434649
566.1	0.24234384912624718	0.04064833131261566
566.6	0.24255686726173337	0.04088270935646406
567.2	0.24228137756568735	0.04062659195109526
567.7	0.24268720188494913	0.04097629365281672
568.2	0.2419022547785281	0.04159269591681461
568.8	0.24239995419934734	0.040708751428934334
569.3	0.24250727864360336	0.04113403366662448
569.9	0.2430456388873022	0.042572062084257206
570.4	0.24203312392918333	0.042105263157894736
570.9	0.2423655423883318	0.041685116073122905
571.5	0.24247938584020473	0.04214051048774324
572.0	0.2420801635063018	0.04248077650321442
572.5	0.24245860739396688	0.04244065235186701
573.1	0.24209335219236208	0.04211717374905708
573.6	0.24263627130120755	0.04248652713372603
574.1	0.24308956820356922	0.0420268069648002
574.7	0.2425127830533236	0.042756382248299106
575.2	0.24245647427643732	0.042693552402290266
575.8	0.2424597201315716	0.04238813380500217
576.3	0.24210409252669038	0.04278637770897833
576.8	0.2428539773986262	0.04301938032341686
577.4	0.24257316399779127	0.04352905010759299
577.9	0.2427243219453155	0.043408951563458004
578.4	0.24211101996171724	0.04272306192101414
579.0	0.2429769163763066	0.043488824101068996
579.5	0.24292836241465265	0.04423600605143722
580.1	0.24220986120861912	0.04334981309538165
580.6	0.24270542801973827	0.04355901737567405
581.1	0.24326635314236852	0.04452136548102172
581.7	0.24220827571534942	0.04422779693258828
582.2	0.2426245109442741	0.04499231405935911
582.7	0.24197036021306892	0.04495044832468145
583.3	0.2420465898932534	0.04446012702893437
583.8	0.24263513159960232	0.04511630632214215
584.3	0.24237844598467873	0.044340723453908985
584.9	0.2429707395665506	0.045052386495925495
585.4	0.24268823895457373	0.045409674234945706
586.0	0.2431078988125968	0.045633314054366686
586.5	0.2426534918429314	0.0453810623556582
587.0	0.24295666427620122	0.04522468681760717
587.6	0.2426102076301524	0.04542322269438383
588.1	0.24260505915952674	0.04528539531688327
588.6	0.24253236823325516	0.045988202279365446
589.2	0.24289129660715195	0.04523129640205597
589.7	0.24241962517141552	0.045973077800593204
590.2	0.24303476275057093	0.04567458283501338
590.8	0.242050187950828	0.0463285217093627
591.3	0.24292177095511616	0.04596322941646683
591.9	0.2422177009155646	0.04641470655400776
592.4	0.24265117937745173	0.04658082975679542
592.9	0.2421938775510204	0.04658224947000516
593.5	0.2424815875613748	0.046057543214839486
594.0	0.24289670735460048	0.046596014284068656
594.5	0.24293059125964012	0.04654117103591639
595.1	0.24295156459774864	0.04697013627138301
595.6	0.24256886444986253	0.0470752738289443
596.1	0.24294108470698353	0.047552284145344084
596.7	0.24223926540407992	0.04741555932798689
597.2	0.24322344322344322	0.04685754600505615
597.7	0.24261193638129233	0.04692566173436302
598.3	0.2430142609061727	0.048209854661467565
598.8	0.2424162490108151	0.04743855493041161
599.3	0.24263302946788212	0.04784290389764951
599.9	0.24297274275979558	0.04754500328927696
600.4	0.24248732319188684	0.04878048780487805
601.0	0.24263014284949977	0.048074034012379065
601.5	0.2427392562426321	0.048352177050757755
602.0	0.2432606594350768	0.04848923466618418
602.6	0.24315472994738538	0.0482189138689651
603.1	0.2422680412371134	0.048233449897503916
603.6	0.2429981757699324	0.04874374887027776
604.2	0.2425268817204301	0.048910089970412414
604.7	0.24217577706323687	0.04862782859894078
605.2	0.242526518804243	0.04859273514553765
605.8	0.24292818565852092	0.04933973589435774
606.3	0.24234503360716952	0.04930505631440211
606.8	0.24304593413620376	0.049161676646706585
607.4	0.2428291182864111	0.04874270051245382
607.9	0.2428646934460888	0.049694234993765955
608.4	0.24298130102712667	0.049718851731281447
609.0	0.24232243162370729	0.049882075471698116
609.5	0.24241155536947875	0.049582402070344665
610.0	0.24300380426285892	0.05017879125388358
610.6	0.24265890546229407	0.05002045228773447
611.1	0.24274856522413527	0.05062187608973614
611.6	0.2435390227611365	0.05127612888324287
612.2	0.2427855096193205	0.050652561375265914
612.7	0.24298970123381258	0.05033537808863154
613.2	0.2425747592498733	0.051216316299208114
613.8	0.24283483604493022	0.051296568904993775
614.3	0.24261096082556857	0.051199729638391346
614.8	0.24204902890808327	0.05128637231771711
615.4	0.24280833787196118	0.05198708671935879
615.9	0.2427967351755335	0.05155152386747055
616.4	0.24358661128756415	0.051740254027602135
617.0	0.24314868804664724	0.05138858517384649
617.5	0.24308243034055727	0.05238795403801122
618.0	0.24297988767820286	0.05170178282009724
618.6	0.24287072243346008	0.05190015500561227
619.1	0.24302901627742393	0.05168205454738406
619.6	0.24347662849633941	0.052503697443481934
620.2	0.24303491827637444	0.05164122935396195
620.7	0.24286109064112013	0.05200124429697221
621.2	0.2428839036871202	0.052715490639786054
621.8	0.24358566822578448	0.0529923273657289
622.3	0.2433468651330627	0.052746582651557496
622.8	0.24331466965285553	0.05331586373714977
623.4	0.2427673516694156	0.052895714142326605
623.9	0.24355275422788406	0.05305225297232491
624.4	0.24335911602209945	0.053296840009952724
625.0	0.24315868329440796	0.05289010171173406
625.5	0.24292193210338603	0.053519170676057735
626.0	0.24316483516483517	0.054001880908775925
626.6	0.24375685758174237	0.05374166460854532
627.1	0.24319929685783345	0.053457407315745185
627.6	0.2437439634735271	0.053991191171376254
628.2	0.24304976063946593	0.053840063341250986
628.7	0.2432610413556941	0.054168931942865615
629.2	0.24312571378371256	0.05407678606768256
629.8	0.2433836804791052	0.05435968653903383
630.3	0.24325040873138615	0.05443056868500921
630.8	0.24319539721177252	0.054580799521483404
631.4	0.24332133173311998	0.05529399979965942
631.9	0.24313340181322854	0.05463876031394647
632.4	0.24308575014568112	0.054612508841062946
632.9	0.2434077079107505	0.05484182196719647
633.5	0.2434133091896786	0.054963544587773416
634.0	0.24286233860701945	0.055384930384930385
634.5	0.2431268328445748	0.05489284792150787
635.1	0.24339110845478368	0.055526806044297244
635.6	0.2431884191600203	0.05616985931578674
636.1	0.24314925580748364	0.055944055944055944
636.7	0.2424780414875724	0.05547952416043794
637.2	0.24301125703564727	0.05546165222903021
637.7	0.24300518134715027	0.05572952603365002
638.3	0.2435539575152576	0.05557627750839239
638.8	0.24343732166634963	0.05629653436177621
639.3	0.24347909017214248	0.05633122113629041
639.8	0.24367331288343558	0.05630533362124811
640.4	0.24341725927349606	0.05648218347232752
640.9	0.24362619885295678	0.0564244596502661
641.4	0.24330324822626576	0.05716769916313444
642.0	0.24344877694356987	0.05665629605370886
642.5	0.24253314554902627	0.056461319619214356
643.0	0.24289116803577504	0.05687541055397416
643.6	0.24349433338197382	0.057572102204189055
644.1	0.24338804734304223	0.057083264723640156
644.6	0.24330639665076428	0.05730737592541815
645.1	0.24367860978229033	0.057441540577716645
645.7	0.24306299289261027	0.05748450441555592
646.2	0.24309042164270045	0.05721980981696257
646.7	0.2428919182083739	0.058126782189076555
647.3	0.2436852095196379	0.0588364434687157
647.8	0.2436880947756846	0.057967048004816904
648.3	0.24347404172731685	0.058794547544752836
648.9	0.2432837988285977	0.05861805479751119
649.4	0.24329677762210736	0.058128132490738726
649.9	0.2435340667824744	0.059249183895538626
650.4	0.24356816542438087	0.05902457548961102
651.0	0.2437574886173017	0.05896022481625594
651.5	0.2436075132629164	0.05899164195200863
652.0	0.24340287701247976	0.06004730674121062
652.6	0.24347908564924595	0.05930842522213896
653.1	0.24350004727238347	0.059212632028166005
653.6	0.24335012475872134	0.05976095617529881
654.1	0.2436500470366886	0.059291894474228994
654.7	0.24352258909363014	0.06000422564969364
655.2	0.24323190904431294	0.060685738325620533
655.7	0.24397268546476517	0.06092701342281879
656.3	0.2433183565704757	0.06042691221094486
656.8	0.24338770620219335	0.06034124011652101
657.3	0.24387666007995956	0.06058246379068681
657.8	0.24305396621961825	0.060317624540892865
658.4	0.24372580277841038	0.060863301949889384
658.9	0.24317336478272703	0.060984984369394764
659.4	0.24350192787480154	0.06121926229508197
659.9	0.24360596475372798	0.061044135676338374
660.5	0.24352845675115	0.06093956995821869
661.0	0.24343675417661098	0.06104887983706721
661.5	0.24376208245290654	0.0612286411716843
662.1	0.24386303460036798	0.06193568022724967
662.6	0.2439417693169093	0.061553270175794116
663.1	0.2438380675464102	0.06204453441295547
663.6	0.24391333482242572	0.06187806233267667
664.2	0.2434895251708581	0.06215888417222559
664.7	0.2435302516509013	0.062376987130961396
665.2	0.24327334283677834	0.06292790978654852
665.7	0.24389047449161613	0.06259464916708733
666.3	0.24373047746541723	0.0623389744885072
666.8	0.2434425130702891	0.062481028027926745
667.3	0.24350779957985072	0.06225641544768943
667.8	0.24343046120843762	0.0628412537917088
668.4	0.24335332557514994	0.06296859169199595
668.9	0.24329527647190508	0.0633014038822158
669.4	0.2433959725523613	0.06306855719875998
669.9	0.2437137330754352	0.06305388611592136
670.5	0.24353778258128433	0.06368874611187599
671.0	0.24375957465981796	0.06372874431905223
671.5	0.24323471044560707	0.0636809314676744
672.0	0.2434278991900819	0.0636540828887977
672.6	0.2435263706861367	0.06380790786158672
673.1	0.2438670475672244	0.06411970382558618
673.6	0.243631079424186	0.0641005822641315
674.1	0.24369939041033573	0.06350353657906965
674.7	0.24349569417232422	0.0649444587961767
675.2	0.24327287678742748	0.06440572495332919
675.7	0.24373430723579093	0.06454286454286454
676.2	0.24334478808705612	0.06489859594383775
676.8	0.24382532190807862	0.06475793857365955
677.3	0.2435314122891677	0.06466259589791765
677.8	0.2435738262748885	0.06517311608961303
678.3	0.2435613403489338	0.06520826775784283
678.9	0.24353049907578558	0.06493779201007926
679.4	0.24330832638695934	0.065176223040505
679.9	0.2428273464658169	0.06534674319414459
680.4	0.2433663274315721	0.06589515958571127
681.0	0.24355514192647743	0.06666666666666667
681.5	0.2433062785707622	0.06571898371611945
682.0	0.2437713270696022	0.06632625924152971
682.5	0.24350224382946897	0.06656387899409857
683.1	0.24325842696629213	0.06638275219590098
683.6	0.24336511813612663	0.06640311982477697
684.1	0.24323562570462232	0.06668447769169115
684.6	0.24370380831332675	0.06636670416197975
685.1	0.24366031521994824	0.06615680821478233
685.7	0.2432929416757037	0.0668596858077315
686.2	0.24362779740871612	0.06734169077467052
686.7	0.24332484196622323	0.0667739340305712
687.2	0.24358490566037735	0.06759219554030875
687.8	0.24372963015445656	0.06728650507873381
688.3	0.2434844192634561	0.067861166246446
688.8	0.2434733257661748	0.06760245240400128
689.3	0.24316526345662662	0.06806817570837141
689.8	0.24352062050699963	0.06799247514109111
690.4	0.24368077250781028	0.06782215523737754
690.9	0.243201059452301	0.06796690307328605
691.4	0.243511090136857	0.06847039914278061
691.9	0.24348114145094885	0.0683958456653931
692.4	0.24339123867069487	0.06807574700928062
693.0	0.24322282044016247	0.06848065260559223
693.5	0.24307590509499952	0.06851742468989959
694.0	0.24347292384684388	0.06927985414767548
694.5	0.24382759760185055	0.06930003215778754
695.1	0.24343191358898164	0.06949434286020698
695.6	0.24354678873106508	0.06902284672315778
696.1	0.24350082566643078	0.06956428533147543
696.6	0.24317313587699854	0.06968641114982578
697.1	0.24310434249611015	0.0697250656519642
697.7	0.24326873202244542	0.07009646302250803
698.2	0.24341794847598378	0.07003432003432003
698.7	0.2435377358490566	0.06983973843597577
699.2	0.24329167649139355	0.06991582220792451
699.7	0.24315149229100855	0.07009646302250803
700.3	0.24337873628452517	0.07050351980224623
700.8	0.24355517714393832	0.07025660336758298
701.3	0.24336115326251898	0.0705342687533729
701.8	0.24307137433561124	0.06982139966546161
702.3	0.24330357142857142	0.07066889812665335
702.8	0.24315329022441992	0.07052842230515442
703.4	0.24352946763546565	0.070749621948585
703.9	0.2430691415756072	0.07109519157711928
704.4	0.2434865900383142	0.07125347278967152
704.9	0.24340246180372624	0.07094557748936635
705.4	0.24327956989247312	0.07176406335335882
706.0	0.24318718950465443	0.07162080518481903
706.5	0.24344044455182412	0.07137743019221238
707.0	0.24321316235180257	0.07157813533171699
707.5	0.24317774223256264	0.07186654145721703
708.0	0.2435729212227244	0.07229916897506926
708.5	0.24299839267449222	0.07187326292384658
709.1	0.24278106219768408	0.07268268212474222
709.6	0.24311095883706133	0.07236989055170874
710.1	0.2431251227656649	0.07229456668163449
710.6	0.24301318638063374	0.0719189645469893
711.1	0.24285079271003113	0.0724990103489227
711.7	0.24307205067300078	0.07313475177304965
712.2	0.24308349475984703	0.07278950370792926
712.7	0.2431518767089237	0.07321255072298108
713.2	0.24369328946056437	0.0732954219082084
713.7	0.24294913392901712	0.07317917075139842
714.2	0.24265146970605878	0.07343325039060239
714.8	0.24298504476566798	0.07368237550119124
715.3	0.24291295201843133	0.07352083090208893
715.8	0.24298830966835583	0.07344500409980087
716.3	0.24289301858362633	0.07403919722205873
716.8	0.24271162627327011	0.0735138316656857
717.3	0.24288653585587394	0.07475808354968137
717.8	0.24322557940777237	0.0737379130331613
718.4	0.24321198712791633	0.0745009505703422
718.9	0.243140014071766	0.07391330201581733
719.4	0.24295827684892304	0.07382030505243088
719.9	0.242299381940606	0.07458152141538095
720.4	0.24261454983922828	0.07501638562831436
720.9	0.24247441300421432	0.0746535006840759
721.4	0.24266144814090018	0.07537957725513546
722.0	0.2431877379282709	0.07497473095903442
722.5	0.24247131332364583	0.0753396215222163
723.0	0.24253189892419313	0.07535786111439725
723.5	0.2426771968409477	0.07558757529231133
724.0	0.24276591498702854	0.07569955817378497
724.5	0.24311102236421725	0.07568712847978341
725.0	0.24256760121507892	0.07588107664340585
725.6	0.2425131827678838	0.07575403320084172
726.1	0.24279467302723118	0.07594125189416016
726.6	0.24252524750012439	0.07558173441418324
727.1	0.2429572216425697	0.07608126200593748
727.6	0.2425145240577983	0.07563171652628521
728.1	0.24301939195556216	0.07613860238729864
728.6	0.242622625601349	0.0764334895562113
729.1	0.24262993608482386	0.07647940938977968
729.7	0.24338519472797543	0.07664822498847396
730.2	0.24234618052115328	0.07680792261630585
730.7	0.24228004956629492	0.07677697841726619
731.2	0.24321513470681458	0.0769849477191773
731.7	0.24253380218909415	0.07709529276693455
732.2	0.24338362602028196	0.07727975270479134
732.7	0.242361214282177	0.07766767856120052
733.2	0.24246928260007927	0.07740274599542334
733.8	0.24311472161680206	0.0777332570120206
734.3	0.24281403057438283	0.07810806184743539
734.8	0.24250654288677104	0.07834992887624466
735.3	0.242249494800138	0.07845028078733904
735.8	0.24242573283493998	0.07834701386923294
736.3	0.24234543670264966	0.07853432700993676
736.8	0.24234856275402772	0.0777027027027027
737.3	0.2422761048103246	0.07795925239939384
737.8	0.24290528989400675	0.07893704098222795
738.4	0.2424390243902439	0.07869256170593832
738.9	0.24182783650801384	0.07822977201609298
739.4	0.2427723157792271	0.07918248827339737
739.9	0.24215137503042103	0.07871687587168759
740.4	0.24236391006652747	0.07867667500695023
740.9	0.24213239943577022	0.07982631930527723
741.4	0.24220040820293517	0.07954861304130302
741.9	0.24259808449608633	0.07981768662108832
742.4	0.24286617082300327	0.07957957957957958
742.9	0.24156046308006615	0.0796376569967767
743.4	0.24208883904627237	0.07935800267498885
744.0	0.24241832299653268	0.0793845467722154
744.5	0.24223177643150284	0.07997323071775138
745.0	0.24226097178683387	0.0794590970049173
745.5	0.2430456753176667	0.07963512227880687
746.0	0.2423825437389424	0.08020162419490338
746.5	0.2427131973457852	0.08023965507587211
747.0	0.2427959213831831	0.08032759297694508
747.5	0.2425334452288098	0.08023164286517485
748.0	0.24240928165884967	0.08073940892235082
748.5	0.2424736764051609	0.08072682268226823
749.0	0.242326573114494	0.08099266779469826
749.5	0.24285217045398041	0.08135324734102738
750.0	0.24244536267237518	0.08168344835388619
750.5	0.242245347208325	0.081898266552998
751.1	0.2420366190117883	0.08152328829599224
751.6	0.24266961726097672	0.08148571428571429
752.1	0.24301140377434655	0.08159871552267906
752.6	0.24254071002326288	0.08185993111366245
753.1	0.24212019864193776	0.08239420423183072
753.6	0.24207478154846576	0.08220915484838003
754.1	0.2422683038671218	0.0821925720556807
754.6	0.24259173959772762	0.08183876022984503
755.1	0.24265913757700205	0.08243164630599185
755.6	0.24198536233378	0.08240443536620952
756.1	0.24251667269813368	0.08303587102814676
756.6	0.2426321534383284	0.08249970577851007
757.1	0.24243213671651123	0.08276837823498202
757.6	0.24340007318730722	0.0826382727003845
758.1	0.24226506277249565	0.08297695414587788
758.6	0.24282922191115103	0.08329847624738572
759.1	0.2427874416631311	0.0833133541117238
759.6	0.2428099701746911	0.0837793949600048
760.1	0.24246311738293777	0.08386668276778167
760.7	0.24240958675909507	0.08408207867897037
761.2	0.24276397348137768	0.08401876561262414
761.7	0.24247825852103927	0.08327736736064473
762.2	0.24253933803581118	0.08478833547754702
762.7	0.24262939506442455	0.08394543546694648
763.2	0.24260290424718856	0.08431432973805855
763.7	0.24218277738088695	0.08418177303203377
764.2	0.2424075096631695	0.08499095840867993
764.7	0.24280405967500415	0.08526355327407037
765.2	0.24254939167317782	0.08483970523398628
765.7	0.24219627217606107	0.08513470681458003
766.2	0.24225352112676057	0.08567799301365513
766.7	0.24220963172804533	0.08455482301734622
767.2	0.2426470588235294	0.08600077130736598
767.7	0.2427022997075185	0.08554801163918525
768.2	0.24263351749539594	0.08546564488894662
768.7	0.24242073594075444	0.08555591783501794
769.2	0.24221614386312051	0.08579299488390398
769.7	0.24260147385659142	0.0855315220258507
770.2	0.2425611831680263	0.0864189367892092
770.7	0.24252237399905793	0.08559485103841816
771.2	0.24306089838432857	0.08613333333333334
771.7	0.24292914319596798	0.08651212505845414
772.2	0.24269127716582317	0.0861202332283359
772.7	0.24183045582173368	0.08714083843617522
773.2	0.24262413048692733	0.08657745336577453
773.7	0.24248075072184794	0.0871009286246865
774.2	0.24307228915662651	0.08638707926167209
774.7	0.24323014478706004	0.08676981800831572
775.2	0.24297017650639074	0.08763875565300809
775.7	0.2433781891250076	0.08728743828853539
776.2	0.24281872631707616	0.08812603192074848
776.7	0.24303812962849625	0.08804078258473409
777.2	0.24290007973992517	0.08703154116916281
777.7	0.2433364112034472	0.08742373821408764
778.2	0.24367205827879984	0.08785332314744079
778.7	0.243338485316847	0.08795716868307607
779.2	0.2429802268641914	0.08887958699595368
779.7	0.24307195228035292	0.08930193557403396
780.2	0.24221130526708537	0.08820240424937098
780.7	0.24290791196458633	0.08893876692151224
781.2	0.24315196998123828	0.0892668869051803
781.7	0.24388561394707137	0.08889359598955024
782.2	0.24292793075330865	0.08951857334179178
782.6	0.2432245488272653	0.08884487515031478
783.1	0.2429994954591322	0.0894781622234827
783.6	0.2431050804670243	0.08938824696958957
784.1	0.2433594738173539	0.09004907888185504
784.6	0.24297646165527714	0.08946732095868004
785.1	0.24330145056058783	0.08969152952910166
785.6	0.24349148033191867	0.08966597820668043
786.1	0.24274003939759803	0.09018207782934666
786.6	0.24333609008206628	0.09000500822780282
787.1	0.24334818586887333	0.09018738377914462
787.6	0.24294110131595759	0.09081771842917653
788.1	0.24310311719900146	0.08961992513676936
788.6	0.24296429258285787	0.09029377880184332
789.1	0.24262907171366035	0.09057421451787649
789.6	0.24334797210023248	0.09094208157932937
790.1	0.24378881987577639	0.09101482989241058
790.6	0.2433326844461748	0.09136648680180837
791.1	0.24289153490793156	0.09169827837758973
791.6	0.24276024002087138	0.09124862687660197
792.0	0.2432290642009312	0.09112338858195211
792.5	0.24349944045816602	0.09226674552713293
793.0	0.24279672217816547	0.09230540921570082
793.5	0.2442940552016985	0.09226412282009241
794.0	0.24356501496508148	0.09237427249664229
794.5	0.24370028741394292	0.0929761368752814
795.0	0.24343611148512184	0.09267371601208459
795.5	0.24288796009168126	0.09202964307320025
796.0	0.24359322033898306	0.09251503845275261
796.5	0.24312363834422657	0.09236058059587471
797.0	0.243524736192956	0.09234909650134564
797.5	0.2430962054954893	0.09291898577612863
798.0	0.24333310244510634	0.0924500427649483
798.4	0.24286412171121502	0.09391141023634371
798.9	0.24348985751386257	0.09269906277073324
799.4	0.2428591628959276	0.09318001586042823
799.9	0.24386252045826515	0.09403688033846891
800.4	0.2435603892386949	0.09378259125551544
800.9	0.24344758064516128	0.09343679275784028
801.4	0.24389357371328874	0.09361215487665414
801.9	0.24304131262818635	0.09354175236528178
802.4	0.243516808274843	0.09318313592313426
802.9	0.24370436596632394	0.09375261353182236
803.3	0.2426222122099572	0.09413151469226236
803.8	0.24412009377599636	0.09373408048904738
804.3	0.24418250950570342	0.09366203190309648
804.8	0.24326605786202132	0.09419165804894863
805.3	0.244008040822638	0.09390444810543658
805.8	0.24253789654633537	0.0943578062029087
806.3	0.24481916318651012	0.09501942776404097
806.8	0.24343410299135126	0.09367764915405165
807.2	0.24355690731551144	0.09562718865044446
807.7	0.24280299975808403	0.09457869490451624
808.2	0.24330048057342998	0.09425518312174627
808.7	0.24364649942613542	0.09403754140596246
809.2	0.243491197619638	0.09499072356215213
809.7	0.24387193596798398	0.09583528310715957
810.2	0.243656528314569	0.09501836331104624
810.7	0.24461955600745636	0.09666698319247935
811.1	0.24399213204481313	0.09537045912009968
811.6	0.2444176222088111	0.09590100541376644
812.1	0.24424363541576158	0.09624001558542762
812.6	0.24362680683311433	0.09621048497938346
813.1	0.24397776405188387	0.09518621236133122
813.6	0.2432600765192633	0.09647810036915096
814.1	0.24403111866225521	0.09580118248321474
814.5	0.24423215573179524	0.096113074204947
815.0	0.24398656621584824	0.09748907187150554
815.5	0.24386222059362403	0.09611829944547134
816.0	0.24500322372662797	0.09687080450273676
816.5	0.24365293406491212	0.095625
817.0	0.24363534256832647	0.09624659257706018
817.4	0.24373940877424213	0.0963728384647828
817.9	0.2431740614334471	0.09685641461342395
818.4	0.24280936454849497	0.09721627408993576
818.9	0.24391651437914783	0.09547955550760599
819.4	0.24463353316573197	0.09679514941533131
819.9	0.24381934981506717	0.09635927621539132
820.3	0.24403131115459883	0.09704271631982475
820.8	0.24438534278959811	0.09694159213867727
821.3	0.2447019211725094	0.09750692520775624
821.8	0.24362041467304626	0.09867320771546438
822.3	0.24379708689100954	0.09673070441523424
822.7	0.24457673292301482	0.09742605554301197
823.2	0.24381589618815896	0.09807256235827665
823.7	0.24407124681933842	0.09891737891737892
824.2	0.24416700777732298	0.09761686526122823
824.7	0.24441470194584577	0.09871145881270134
825.2	0.24474365613671673	0.09828664042602454
825.6	0.24378057666285	0.0980666200791987
826.1	0.24492146596858638	0.09866573033707865
826.6	0.2450414524084374	0.09802538787023977
827.1	0.24463927326502588	0.09741104149426646
827.6	0.2446706967865097	0.09797177084568853
828.0	0.24454613174417367	0.09885795860099929
828.5	0.24407431133888532	0.09974973185555953
829.0	0.24396782841823056	0.09907640638119228
829.5	0.24397071490094746	0.09985563041385948
829.9	0.2445381786718581	0.09934735315445975
830.4	0.24500217296827467	0.10016998542982031
830.9	0.24429148912924725	0.1
831.4	0.24523965856861457	0.09986537755476686
831.9	0.24389707499450186	0.1
832.3	0.2443633952254642	0.09888751545117429
832.8	0.24430871737923376	0.09950372208436725
833.3	0.24404894327030033	0.09968924798011188
833.8	0.24492074123688323	0.09872531867033242
834.2	0.24495967741935484	0.1005251312828207
834.7	0.2446390479398226	0.09959909797043348
835.2	0.24413886384129846	0.10100755667506298
835.7	0.24471094015160086	0.10083396512509477
836.1	0.24475683029135017	0.10078500886300329
836.6	0.24508355121064	0.10086491986771814
837.1	0.24500285551113649	0.10024231603111848
837.6	0.24369844179651695	0.10060233243624248
838.0	0.24531555351189793	0.10032113037893385
838.5	0.24428538443777417	0.10140627015868921
839.0	0.24505380076362374	0.10146051441127052
839.5	0.24394764276612996	0.1014642995982895
839.9	0.24497151494012323	0.09983123458392834
840.4	0.24417792268281321	0.10169050715214564
840.9	0.24433543564587712	0.10097847358121331
841.4	0.24542682926829268	0.10098489822718319
841.8	0.24500117619383674	0.10239937065687689
842.3	0.24427931115829205	0.10139583882012115
842.8	0.24431818181818182	0.10202461294164351
843.3	0.24474028289551883	0.10252659574468086
843.7	0.24466944609886837	0.10193204530313124
844.2	0.24486137667304014	0.10174923220723728
844.7	0.24552767439068315	0.10266057511421661
845.1	0.2447282805157248	0.10329522528581035
845.6	0.24542168674698794	0.10276466621712745
846.1	0.24600677637947724	0.10120579867226663
846.6	0.2447790189412336	0.10191602119853241
847.0	0.24467696800097335	0.10262335190974582
847.5	0.24440914090186974	0.10400437337706711
848.0	0.24499570182979247	0.102803738317757
848.4	0.24608363142962872	0.10350538227987856
848.9	0.24473096950161172	0.10240044401276537
849.4	0.24597529015350056	0.10307262569832402
849.8	0.24498997995991983	0.10456140350877192
850.3	0.24490822227809908	0.10399100618324901
850.8	0.24510917581724095	0.10442277801328247
851.3	0.24543610547667344	0.10387949410260054
851.7	0.2441326530612245	0.10390167214520508
852.2	0.2460276781137878	0.10380473797559224
852.7	0.24591429674430576	0.10415464512406232
853.1	0.24522210743801653	0.1045401966454598
853.6	0.24515793578577927	0.10578464228471514
854.1	0.24608355091383813	0.10535557506584724
854.5	0.24543423991591118	0.1055342949661466
855.0	0.24637298865734636	0.10619730809051915
855.5	0.246449900464499	0.10600654177817424
855.9	0.24492250133618385	0.10626498800959233
856.4	0.24458204334365324	0.10601026880096648
856.9	0.24440550013480722	0.10443469047979416
857.3	0.24544960608530292	0.10592185592185592
857.8	0.24382546652030734	0.10513334361029752
858.3	0.24436454155718434	0.10162347798938495
858.7	0.24547731700528805	0.10434646163502276
859.2	0.24526198439241917	0.10518028656904424
859.7	0.24525139664804468	0.10587679218528438
860.1	0.24363280156731038	0.10517978773958499
860.6	0.2466254218222722	0.10484257631452773
861.1	0.24624964619303708	0.10352600225406537
861.5	0.24569149693775816	0.10601626016260163
862.0	0.24461979913916787	0.10494334044999179
862.4	0.24455345548982832	0.10406342913776016
862.9	0.24655347554781598	0.10537706009655402
863.4	0.24537104534188658	0.10369127516778523
863.8	0.24587048677093992	0.10519194994080838
864.3	0.245096593422799	0.10452604611443211
864.8	0.2443687018375815	0.10581555402615278
865.2	0.24422245415237812	0.10600277585010409
865.7	0.24594107035478052	0.10629714085248201
866.1	0.2458151108430101	0.10652557319223986
866.6	0.24568050924522583	0.10458911419423693
867.1	0.2448107448107448	0.10602798708288483
867.5	0.2430939226519337	0.10575708355892438
868.0	0.24668721109399075	0.10727272727272727
868.5	0.2450721713487506	0.10676416819012798
868.9	0.24295112781954886	0.10794824399260629
869.4	0.2431663769947859	0.10668404393967604
869.8	0.24281860022218696	0.1096991216595029
870.3	0.2420280612244898	0.10948631421072366
870.8	0.24283197180842545	0.10728402032749859
871.2	0.24308236808236808	0.10750047232193463
871.7	0.24340934821284166	0.10644734354320287
872.1	0.2448713774014979	0.10426540284360189
872.6	0.24475409836065573	0.1031987814166032
873.0	0.24559090159881325	0.1005533295172677
873.5	0.2465980750082974	0.09417643667115126
874.0	0.24912339288695942	0.08908985953434674
874.4	0.24810510358767054	0.08090364935315698
874.9	0.24987251402345742	0.0777302759424796
875.3	0.248971898560658	0.07110675808031341
875.8	0.2504753673292999	0.06591448931116389
876.2	0.25100718164301977	0.06655974338412189
876.7	0.2497326203208556	0.06833945328437373
877.2	0.24900181488203266	0.07955018742190754
877.6	0.24632558139534882	0.09261230572705982
878.1	0.2463851937536148	0.1087195255875247
