349.8	0.3177842565597668	0.07613168724279835
350.3	0.3342857142857143	0.08704061895551257
350.8	0.3697478991596639	0.10575139146567718
351.3	0.3813559322033898	0.10801393728222997
351.9	0.3918918918918919	0.11428571428571428
352.4	0.4	0.09484193011647254
352.9	0.39331619537275064	0.09624796084828711
353.4	0.37626262626262624	0.08709677419354839
354.0	0.3492462311557789	0.06602254428341385
354.5	0.32914572864321606	0.05331179321486268
355.0	0.31094527363184077	0.052545155993431854
355.5	0.2946859903381642	0.026490066225165563
356.0	0.2607655502392344	0.01
356.6	0.2209026128266033	-0.008431703204047217
357.1	0.25	-0.013445378151260505
357.6	0.22272727272727272	0.0016638935108153079
358.1	0.2186046511627907	0.0016129032258064516
358.7	0.22580645161290322	0.01751592356687898
359.2	0.22838137472283815	0.018867924528301886
359.7	0.23093681917211328	0.006125574272588055
360.2	0.2574468085106383	0.016566265060240965
360.8	0.2390852390852391	0.02342606149341142
361.3	0.24439918533604887	0.02170767004341534
361.8	0.24302788844621515	0.021037868162692847
362.3	0.212890625	0.039509536784741145
362.9	0.2438095238095238	0.035856573705179286
363.4	0.24444444444444444	0.030104712041884817
363.9	0.22920517560073936	0.034526854219948847
364.4	0.2550091074681239	0.030303030303030304
364.9	0.2504472271914132	0.040993788819875775
365.5	0.23734729493891799	0.012285012285012284
366.0	0.2560553633217993	0.030878859857482184
366.5	0.24196277495769883	0.03537735849056604
367.0	0.24455611390284757	0.03981264637002342
367.6	0.254071661237785	0.023148148148148147
368.1	0.24193548387096775	0.01820250284414107
368.6	0.24371069182389937	0.026726057906458798
369.1	0.2453416149068323	0.02628696604600219
369.7	0.24012158054711247	0.018378378378378378
370.2	0.2518628912071535	0.0211864406779661
370.7	0.2594202898550725	0.02688728024819028
371.2	0.2624113475177305	0.018480492813141684
371.8	0.24549237170596394	0.02905811623246493
372.3	0.25170998632010944	0.02453385672227674
372.8	0.2613333333333333	0.026061776061776062
373.3	0.2513157894736842	0.01984877126654064
373.9	0.25798212005108556	0.027281279397930385
374.4	0.24968474148802017	0.02302025782688766
374.9	0.24662576687116564	0.023486901535682024
375.5	0.2469879518072289	0.016843971631205674
376.0	0.2619047619047619	0.013077593722755012
376.5	0.25319396051103366	0.026518391787852865
377.0	0.2627406568516421	0.02092050209205021
377.6	0.26153846153846155	0.02042483660130719
378.1	0.2650862068965517	0.022435897435897436
378.6	0.2594142259414226	0.01647058823529412
379.1	0.25971370143149286	0.018518518518518517
379.7	0.2642073778664008	0.016591251885369532
380.2	0.25705939629990265	0.020694752402069475
380.7	0.25360230547550433	0.01741654571843251
381.2	0.26017029328287605	0.01998572448251249
381.8	0.26330275229357797	0.014025245441795231
382.3	0.26473254759746145	0.01791867677463818
382.8	0.2522202486678508	0.0170299727520436
383.4	0.26223776223776224	0.024161073825503355
383.9	0.2554300608166811	0.02862849533954727
384.4	0.26360544217687076	0.021052631578947368
384.9	0.26485568760611206	0.020874103065883887
385.5	0.2720465890183028	0.021331609566903685
386.0	0.26655629139072845	0.02169751116783663
386.5	0.2688870836718115	0.027232425585813805
387.1	0.2728719172633254	0.019472361809045227
387.6	0.2652899126290707	0.021157436216552583
388.1	0.2703962703962704	0.023255813953488372
388.6	0.2684049079754601	0.024728588661037394
389.2	0.26686656671664166	0.024390243902439025
389.7	0.26838235294117646	0.021739130434782608
390.2	0.2695086705202312	0.019562715765247412
390.8	0.27087719298245616	0.022358859698155393
391.3	0.265389876880985	0.021311475409836064
391.8	0.2631930527722111	0.028846153846153848
392.3	0.2680077871512005	0.019916142557651992
392.9	0.27023581899298915	0.020429009193054137
393.4	0.26968381897086174	0.021042084168336674
393.9	0.27090909090909093	0.021088769004413928
394.5	0.26409495548961426	0.022104757328207592
395.0	0.2664359861591695	0.018779342723004695
395.5	0.26458923512747873	0.01757631822386679
396.0	0.27039106145251396	0.019195612431444242
396.6	0.2650137741046832	0.02288021534320323
397.1	0.2682926829268293	0.02266666666666667
397.6	0.2673740053050398	0.019417475728155338
398.2	0.26892535733192163	0.02668416447944007
398.7	0.2660695468914647	0.016493055555555556
399.2	0.2641705668226729	0.017263703064307294
399.8	0.262615859938208	0.02011125374411639
400.3	0.26738241308793453	0.025990626331487004
400.8	0.26513994910941474	0.022476675148430873
401.3	0.2659627953745601	0.021052631578947368
401.9	0.26719840478564305	0.019246861924686193
402.4	0.26745329400196655	0.017812758906379452
402.9	0.2619047619047619	0.01804757998359311
403.5	0.26981852913085	0.022653721682847898
404.0	0.2676056338028169	0.017985611510791366
404.5	0.26454293628808867	0.01735700197238659
405.1	0.26639344262295084	0.020100502512562814
405.6	0.2613941018766756	0.02130087485736021
406.1	0.2635726795096322	0.01976874300634092
406.7	0.26572528883183566	0.01920945696342815
407.2	0.2668350168350168	0.023835319609967497
407.7	0.26126498553121125	0.0216773276474769
408.2	0.2643957826439578	0.02198185624563852
408.8	0.2663755458515284	0.020233196159122085
409.3	0.2650273224043716	0.02096719648292188
409.8	0.26380368098159507	0.020749665327978582
410.4	0.2615442846328539	0.022375781507074696
410.9	0.2620459599703484	0.017168772270813086
411.4	0.26302274394717534	0.019501278772378516
412.0	0.265034209578682	0.019291587602783048
412.5	0.26193870277975767	0.023408239700374533
413.0	0.2640646976090014	0.023464032108675516
413.6	0.2609299097848716	0.01896604466197614
414.1	0.2613168724279835	0.021154427319431852
414.6	0.2625338753387534	0.02072072072072072
415.2	0.2634570377800067	0.02133965619442798
415.7	0.2641322314049587	0.021388807500732493
416.2	0.2630548302872063	0.021436848203939745
416.8	0.264819587628866	0.022158273381294964
417.3	0.26146496815286624	0.02188121625461779
417.8	0.2655367231638418	0.023367117117117118
418.4	0.26143790849673204	0.024254251463618624
418.9	0.26319018404907973	0.019267822736030827
419.4	0.2619914996964177	0.02101528384279476
420.0	0.2595373986182037	0.019204760616716256
420.5	0.26351752822341057	0.02015045674368619
421.0	0.262739322533137	0.01972807251399627
421.5	0.26207097149505526	0.01791359325605901
422.1	0.2589699074074074	0.022524882137244632
422.6	0.2608695652173913	0.023630225915346664
423.1	0.2603516732841747	0.021424883840991223
423.7	0.2579376229277887	0.02362609142270159
424.2	0.2616587545378386	0.021363173957273652
424.7	0.26175982291090205	0.022997220116249686
425.3	0.2619895861879967	0.02014098690835851
425.8	0.25776566757493186	0.023952095808383235
426.3	0.25907859078590784	0.022332506203473945
426.9	0.2597158938622353	0.02094111850209411
427.4	0.2592494011179132	0.02252141982864137
427.9	0.26006843906291127	0.02335766423357664
428.5	0.25897969807391985	0.02522825564632388
429.0	0.2602880658436214	0.023350011913271386
429.6	0.2597666159309995	0.022796709753231493
430.1	0.2595	0.023169601482854494
430.6	0.258667322350627	0.022394881170018283
431.2	0.25874125874125875	0.023130473837862115
431.7	0.2593557555660824	0.020741394527802295
432.2	0.2583720930232558	0.022786458333333332
432.8	0.25726046192545166	0.021431633090441493
433.3	0.25887640449438204	0.020868465430016865
433.8	0.2554083885209713	0.022148623473400953
434.4	0.2551993067590988	0.02445984508764778
434.9	0.2564761293084992	0.022325020112630732
435.4	0.2554575986565911	0.0222001982160555
436.0	0.25529265255292655	0.023651290070367474
436.5	0.25583777140516184	0.023372609619470738
437.0	0.2577570472520787	0.022657450076804916
437.6	0.256312625250501	0.02449677174325864
438.1	0.2554802710243125	0.024431818181818183
438.6	0.25643055005935894	0.0212326193160466
439.2	0.2541871921182266	0.02244668911335578
439.7	0.2532785280876884	0.021820216337187618
440.2	0.25604524180967236	0.02459016393442623
440.8	0.2544355624878144	0.021038912679203128
441.3	0.256554670809866	0.02431780211620568
441.8	0.2543621558743699	0.025522470871093026
442.4	0.2551296941540844	0.023557781487664627
442.9	0.2550803173988775	0.02556028894239674
443.5	0.254198031268095	0.02592112571745973
444.0	0.2550490478938257	0.022407407407407407
444.5	0.2552373630597732	0.024787273399926008
445.1	0.25579612952672925	0.023963133640552997
445.6	0.2536204268292683	0.024922118380062305
446.1	0.25513472771810813	0.024013098053483718
446.7	0.2528928704740575	0.02477844094773015
447.2	0.25305668766209705	0.024442846872753415
447.7	0.25412844036697246	0.024658506297676068
448.3	0.25501899077590884	0.02456140350877193
448.8	0.2536567962896896	0.02440713172927125
449.3	0.2540825285338016	0.0252387448840382
449.9	0.25418753237782765	0.0242098184263618
450.4	0.25461942702152907	0.025586001980851765
450.9	0.2537114261884904	0.024771838331160364
451.5	0.2525815440091788	0.024987986544930323
452.0	0.2523725269422551	0.02516514627241271
452.6	0.25399841646872523	0.02433731204464424
453.1	0.25307201742106084	0.024501597930299802
453.6	0.25168711656441717	0.02581032412965186
454.2	0.25169555388093445	0.026148618702910326
454.7	0.25100431483410207	0.02483564645726808
455.2	0.2525637269264577	0.025711396793297703
455.8	0.25083466395703297	0.02483231054659626
456.3	0.25097024579560157	0.025173242822797343
456.8	0.25089094796863864	0.0243593353984793
457.4	0.2516238350748376	0.024965132496513248
457.9	0.25287678922256523	0.02512144344205413
458.5	0.25122463261021694	0.026089369969469887
459.0	0.25181159420289856	0.025120772946859903
459.5	0.25045095046482585	0.026703372333103922
460.1	0.2514206514206514	0.025419071173399286
460.6	0.25103734439834025	0.025968672712283595
461.1	0.24979298923544024	0.027182866556836903
461.7	0.25089556351612013	0.02506849315068493
462.2	0.25044796691936594	0.026852993560761748
462.7	0.24969012532708992	0.027678816114003836
463.3	0.25157836947570683	0.02708247845711941
463.8	0.25092656142759096	0.026852993560761748
464.4	0.25191675794085433	0.027633378932968536
464.9	0.2513623978201635	0.02808069792802617
465.4	0.2502373525023735	0.027254237288135592
466.0	0.25026896180742336	0.026273241713823767
466.5	0.24956510103037602	0.027613941018766755
467.0	0.24860557768924302	0.027992535323913624
467.6	0.250957095709571	0.027829313543599257
468.1	0.25078534031413613	0.027112397999473545
468.7	0.2504212572909916	0.026857887874837026
469.2	0.2507071226536385	0.028187225239203518
469.7	0.24955482065632154	0.02815099168266155
470.3	0.24899142713061018	0.02783072817384674
470.8	0.250499251123315	0.02707467573353482
471.3	0.25	0.026989878795451706
471.9	0.24978614200171087	0.028638439698802618
472.4	0.2502422480620155	0.02710326220259995
473.0	0.24903846153846154	0.026482792287039297
473.5	0.24922600619195046	0.028240405503258507
474.0	0.2474616292798111	0.02799043062200957
474.6	0.24874165983846425	0.0275632648211952
475.1	0.24901369227198886	0.02685512367491166
475.6	0.2496259638623547	0.02704601334738321
476.2	0.24902812714383718	0.02800697269029634
476.7	0.24877882540043167	0.02753992131451053
477.3	0.2484752654167608	0.028863845446182153
477.8	0.2493000335983873	0.0276539824020112
478.3	0.2479946524064171	0.028804717623043773
478.9	0.2482010406288055	0.029617906398372147
479.4	0.24898452080360084	0.0287317620650954
479.9	0.24689610106730558	0.027975925100312084
480.5	0.24856617249215454	0.0279960163771163
481.0	0.248068669527897	0.028788045269750578
481.6	0.24754901960784315	0.029684601113172542
482.1	0.24743901151124723	0.02957105719237435
482.6	0.24837355718782791	0.030247578040904197
483.2	0.24779220779220779	0.028997867803837955
483.7	0.24847482163168236	0.029620978872491772
484.2	0.2474669941664108	0.02904345996001263
484.8	0.2476905897878388	0.02920317062995411
485.3	0.24853683148335015	0.02903660686508348
485.9	0.2466633216256899	0.02894655225886488
486.4	0.246415770609319	0.030060531445572997
486.9	0.2460231202450351	0.03024747937671861
487.5	0.24695361635220126	0.02931629133698519
488.0	0.24697619976589932	0.029417690912754382
488.6	0.24735872831249395	0.030260521042084168
489.1	0.24756860857005297	0.03031814101924803
489.6	0.2467357910906298	0.029724624714186302
490.2	0.2467780429594272	0.0304080824088748
490.7	0.24726892751971122	0.03002559558968301
491.2	0.2467754172989378	0.03098259073473001
491.8	0.24728543102634312	0.031240818724904515
492.3	0.2466333929748564	0.03123164284315645
492.9	0.2467837355620246	0.030021513788382553
493.4	0.2460108879294162	0.03084732526356892
493.9	0.24671916010498687	0.03055148853099073
494.5	0.24674473067915692	0.03210069275051224
495.0	0.24762977565005162	0.03080684596577017
495.6	0.2470952023988006	0.030892560367582363
496.1	0.24727750657153585	0.03075115071981197
496.6	0.24751080217922225	0.03237833594976452
497.2	0.24823761631732305	0.03197018730999313
497.7	0.2475869178146378	0.03207454634624816
498.2	0.24644772748659077	0.03213127640758573
498.8	0.2462567096713438	0.032149901380670615
499.3	0.24574758011465087	0.03244199764058199
499.9	0.2464775502536164	0.03253071253071253
500.4	0.2463903993999625	0.031418753068237604
500.9	0.2460747663551402	0.03201801625379418
501.5	0.24653842579685903	0.03327819402549382
502.0	0.24737230315323622	0.03206432238690303
502.6	0.24608049876226276	0.0328042328042328
503.1	0.24642954607477485	0.03297018348623853
503.6	0.24632187020489213	0.03291907788634854
504.2	0.24642346208869814	0.03206997084548105
504.7	0.24626006904487918	0.03277772604525561
505.2	0.24647084612012277	0.03353658536585366
505.8	0.24619796645520117	0.032948929159802305
506.3	0.2462935984231725	0.03299882469939427
506.9	0.24496701065809506	0.03255730978503256
507.4	0.24708138759172782	0.03336561317017343
507.9	0.24605990593283275	0.03310969765618193
508.5	0.24562118126272914	0.03298880275624462
509.0	0.2458818802732021	0.0341807669415866
509.6	0.24600968792186134	0.03368049722828826
510.1	0.24585657057575996	0.033447042183209916
510.6	0.2456263121063681	0.03358854038034083
511.2	0.24517121969988456	0.03344754446076032
511.7	0.24530453957873927	0.034530052440500204
512.2	0.2457582384435563	0.033360064153969526
512.8	0.24607681960842923	0.033616784550584124
513.3	0.24542558708052448	0.034183994959042216
513.9	0.24544717245447173	0.0341505443722096
514.4	0.2453272740599575	0.033936651583710405
514.9	0.24560764015455275	0.03360757528717789
515.5	0.24458024152480723	0.033857596652979
516.0	0.24567901234567902	0.03411200495049505
516.6	0.2455133328489428	0.034811598697472475
517.1	0.24517866239720545	0.03485483620555814
517.6	0.24580964873925085	0.03438618328924848
518.2	0.24545255314486084	0.035182151493876275
518.7	0.24548049476688868	0.03526743822333438
519.3	0.24450327229943378	0.03548437745328937
519.8	0.24491305956344803	0.03512380349655882
520.3	0.24524375743162902	0.03612923762533821
520.9	0.24468798926414673	0.035235969387755105
521.4	0.2447175183575603	0.03582879127925617
521.9	0.24556123984351488	0.03536329950056388
522.5	0.24576527525710828	0.03621192482177576
523.0	0.24545246974655605	0.03629690048939641
523.6	0.2450568745705779	0.03638296132777369
524.1	0.245611357044726	0.03557700171751043
524.6	0.24500421100987674	0.03643525356967011
525.2	0.24498084291187738	0.037198226309738874
525.7	0.24466539196940726	0.03637110016420361
526.3	0.24542961608775138	0.03719751471550033
526.8	0.24492588369441276	0.03794679288395626
527.3	0.24509432532767633	0.03655458764145567
527.9	0.24513354459031236	0.03694102397926118
528.4	0.24483665039429214	0.03742841009921755
528.9	0.24580380455054085	0.03672747729647191
529.5	0.24468875352845046	0.03691275167785235
530.0	0.2452330118530516	0.03684043733164316
530.6	0.2453409340057005	0.0375815708782137
531.1	0.2444927536231884	0.03762685402029664
531.6	0.2453331418724871	0.037607366710516135
532.2	0.24438902743142144	0.03763151831656555
532.7	0.24447416584541742	0.037155231365397764
533.3	0.24493490217921046	0.03722644205459878
533.8	0.24494444061011802	0.03870246085011186
534.3	0.2451749300961604	0.038580702272056656
534.9	0.24489795918367346	0.03811888418285381
535.4	0.2458305537024683	0.03836722919371124
536.0	0.24414914716382388	0.03827443124910574
536.5	0.2444633730834753	0.03859250851305335
537.0	0.24440552636699747	0.038869010032975514
537.6	0.24458164512187278	0.038332868692500695
538.1	0.24467406556958796	0.038778477944740666
538.6	0.24427287685103152	0.03873094355170993
539.2	0.24447791164658633	0.0385926633028774
539.7	0.2437990776517512	0.03877647695743385
540.3	0.24483592829228956	0.03892599338865277
540.8	0.24420325604341392	0.03833758560494159
541.3	0.2447350647755879	0.03926544240400668
541.9	0.24464831804281345	0.039236549843718826
542.4	0.24406903701896687	0.038972248041428764
543.0	0.244599939154244	0.040023855277980254
543.5	0.24424746524194038	0.03975130630332694
544.0	0.24418816388467374	0.03974604854176311
544.6	0.24492771230713156	0.03935599284436494
545.1	0.24465183928246773	0.039460638508824114
545.6	0.24500334123078793	0.03976933784052496
546.2	0.24476543060023062	0.040352504638218926
546.7	0.2440002430281305	0.03967622080679405
547.3	0.24456059316883433	0.0400849482346695
547.8	0.24519464720194648	0.039755351681957186
548.3	0.2448643706187138	0.04132782295693908
548.9	0.2450387738902119	0.04033658341124616
549.4	0.24514118078474514	0.04024871297720131
550.0	0.2437427330028762	0.0404581686650144
550.5	0.24462546701782323	0.040948998056430534
551.0	0.24455220673991773	0.0403979296901257
551.6	0.24503067484662577	0.0408464897547867
552.1	0.24465470631604816	0.04149545301448299
552.6	0.24530386740331492	0.040768194070080865
553.2	0.2453946152424373	0.04209175055739477
553.7	0.2448766077912487	0.04232768514142982
554.3	0.24501477104874447	0.04215361750996419
554.8	0.24395644952943346	0.04233340085071906
555.3	0.24477758663062177	0.0422316670039803
555.9	0.24470111199852554	0.04148677819751754
556.4	0.24409641502508259	0.04246455687697373
556.9	0.24509445460085313	0.04228655676182817
557.5	0.2448905109489051	0.04218561671353958
558.0	0.24509090909090908	0.04305453574527735
558.6	0.24497312964192983	0.041713791497571685
559.1	0.24474764549625694	0.042134644779690304
559.6	0.24489795918367346	0.043478260869565216
560.2	0.2452040877308313	0.04308300395256917
560.7	0.24538855170772345	0.04304744405800905
561.3	0.24454459203036052	0.04297769346503565
561.8	0.2448581560283688	0.0435633233337681
562.3	0.24510092390984523	0.04342173686947478
562.9	0.2447064343949792	0.043568464730290454
563.4	0.24419012028494685	0.043559628291171916
563.9	0.24491342622281817	0.043436231230263585
564.5	0.2443838161026296	0.0441091492776886
565.0	0.24452808338158658	0.04373439200870846
565.6	0.24497458410351203	0.0438871473354232
566.1	0.24453544033681296	0.04409418671431306
566.6	0.24451482867837604	0.043816569934307034
567.2	0.2445811533375496	0.04381049414161997
567.7	0.24521579219585082	0.044290084119296455
568.2	0.24430582579832893	0.044762870910474255
568.8	0.24468998683231236	0.04401117744189
569.3	0.24433407546954386	0.044804455132261736
569.9	0.24487347917975666	0.04497941083306937
570.4	0.24397487150199887	0.04464172479391249
570.9	0.24407474931631723	0.04446834081852109
571.5	0.24452658515780495	0.04517311094263331
572.0	0.24401044623594867	0.04487583511912265
572.5	0.24438648219550918	0.04546313204458158
573.1	0.24424328147100424	0.045637415137037965
573.6	0.24466764473535718	0.045118435894222333
574.1	0.24455328491808817	0.0452837279218339
574.7	0.2443108389054335	0.04587728606204357
575.2	0.24469573979734646	0.04555638536221061
575.8	0.24491275018118971	0.04573946502823807
576.3	0.24399466192170818	0.045758513931888546
576.8	0.24529138045645912	0.04709295148747068
577.4	0.24389839867476532	0.046234245312019674
577.9	0.24448478846894428	0.046842427958307786
578.4	0.2446267432321575	0.04613603120429059
579.0	0.24439242160278746	0.04616132167152575
579.5	0.24487915898992088	0.04665658093797277
580.1	0.24437003834314414	0.04672615458820692
580.6	0.24527998283630123	0.04643499101258238
581.1	0.24497648567764002	0.047147290522797806
581.7	0.24454845229230932	0.04696231125906551
582.2	0.2447393465158084	0.04794844507508573
582.7	0.24407995358894574	0.04754601226993865
583.3	0.24436030919703422	0.04798870853916726
583.8	0.2444142117105332	0.047225640124216324
584.3	0.24435874719891604	0.04690781796966161
584.9	0.24504963359492749	0.04854481955762514
585.4	0.24445135863928646	0.048313106091400035
586.0	0.24475993804852866	0.048525159051474843
586.5	0.2447120580515671	0.048267898383371824
587.0	0.24469828910972236	0.047868061142397424
587.6	0.24475810575841261	0.04794992534742162
588.1	0.24495104039167687	0.04849144100303429
588.6	0.24457131206035274	0.04839356279709066
589.2	0.24462078437356935	0.04820102798400914
589.7	0.24434963685306516	0.049053159936116815
590.2	0.24455721897995433	0.048636027108605276
590.8	0.2441836838362288	0.0487248245563987
591.3	0.24465002795709856	0.04870389402763504
591.9	0.2444557477110885	0.04926923955240923
592.4	0.24468898058994346	0.04944206008583691
592.9	0.2445408163265306	0.04944708646078038
593.5	0.24452741407528641	0.049273531269740996
594.0	0.2446404759462509	0.04924547863149407
594.5	0.2445758354755784	0.04954382723178196
595.1	0.24501704017349996	0.04952160046390258
595.6	0.2447476267054002	0.049638778839431366
596.1	0.2447090634912381	0.05012267788293025
596.7	0.24453487765430165	0.050342445706257684
597.2	0.24510727367870225	0.05003233582221177
597.7	0.2447115636974437	0.05034486824264576
598.3	0.24522443824659265	0.051045728465083304
598.8	0.24515958849907676	0.05075510808409831
599.3	0.24475302098791604	0.051175245462659925
599.9	0.24520868824531517	0.05089408528198074
600.4	0.24472911662663463	0.050818002037514236
601.0	0.2449842170028356	0.05107866113815276
601.5	0.24456114028507125	0.050757757998556655
602.0	0.2445494576307593	0.052228454254870035
602.6	0.24476538172447118	0.051835332409137486
603.1	0.24441580756013745	0.05112745689135415
603.6	0.2447150981865007	0.05211785262396819
604.2	0.24424731182795698	0.05192923132661071
604.7	0.2442122186495177	0.05151661049590756
605.2	0.24434801242901533	0.0519605484724561
605.8	0.24431848564247902	0.052100840336134456
606.3	0.24415875386749172	0.05158159597411934
606.8	0.2450708728551636	0.052754491017964075
607.4	0.24431366311436298	0.05219878441186986
607.9	0.24497885835095137	0.05206910882859348
608.4	0.24456149591782986	0.052086416099437705
609.0	0.24431728699669275	0.0527122641509434
609.5	0.24481892401088548	0.05287613221973885
610.0	0.24487987909739956	0.05310979541590949
610.6	0.2443220206849956	0.052591597031496524
611.1	0.2446098960756941	0.053527839125886316
611.6	0.2442583363304732	0.05393232474881626
612.2	0.24472984036021286	0.05318231472431438
612.7	0.244825124910778	0.05366049418104684
613.2	0.24470349721236695	0.05349512903777132
613.8	0.2447489044476905	0.05446721775563356
614.3	0.2446147680593127	0.05367804438436409
614.8	0.2443456987368316	0.05387035164588248
615.4	0.24478883002426102	0.05499276410998553
615.9	0.2445668207296686	0.05398528679683611
616.4	0.24563889567554362	0.054489470500907244
617.0	0.24499514091350827	0.05412202055543407
617.5	0.24521091331269348	0.05500190600664379
618.0	0.24470791532664524	0.05472717450027013
618.6	0.24458174904942967	0.055427868940082316
619.1	0.2445388063222458	0.054122890799108564
619.6	0.24488455040360427	0.055250369744348195
620.2	0.2450780089153046	0.05435918879364415
620.7	0.2448876197494473	0.05500829531314807
621.2	0.24489422945127245	0.0552869779880683
621.8	0.2450388265746333	0.055447570332480815
622.3	0.24551195308976093	0.05518573098226536
622.8	0.24501679731243	0.05533158637371498
623.4	0.2449962109392413	0.05530462712034528
623.9	0.24515069466021572	0.05584973523828554
624.4	0.24530386740331492	0.05588454839512316
625.0	0.24492134138280527	0.05606549243363929
625.5	0.2453876975914755	0.056098407817072565
626.0	0.24483516483516485	0.05588278968470029
626.6	0.24542462146148783	0.05670535934798716
627.1	0.24504504504504504	0.05652625847646389
627.6	0.24541223988058652	0.056465581234225765
628.2	0.2454214062980368	0.05641330166270784
628.7	0.24492931776275353	0.05664014234171898
629.2	0.24488271984538346	0.056946368493963985
629.8	0.24532123827557356	0.05664120622954072
630.3	0.24510627016039946	0.057017762077715306
630.8	0.24505421553441026	0.057272455388296284
631.4	0.24536604880650753	0.057597916457978564
631.9	0.24465186905453085	0.057254980881465085
632.4	0.24505804832130532	0.05744164898454077
632.9	0.24557133198106829	0.05758391306555629
633.5	0.24522408329560888	0.05771682047621476
634.0	0.24504455355519186	0.05773955773955774
634.5	0.24468475073313783	0.05747482571649884
635.1	0.24495425497678266	0.058631753260194576
635.6	0.24503250195933798	0.058142553081036184
636.1	0.24481847266657394	0.05824026719549107
636.7	0.2447206129695384	0.05779555742709759
637.2	0.2455440900562852	0.05873653074160152
637.7	0.24564295807819123	0.058701767422111355
638.3	0.24535175285045183	0.059093088932701016
638.8	0.2448639908693171	0.05940328887460496
639.3	0.24481426732153927	0.0593384169262163
639.8	0.2451111963190184	0.05965234290649968
640.4	0.24533922736882569	0.05951478392721759
640.9	0.24478288110270374	0.059465623981753014
641.4	0.2447511945557218	0.05966742745353766
642.0	0.24451441026883022	0.0599312264614377
642.5	0.24486426108494003	0.05963453331874385
643.0	0.24512710834589024	0.059721918108167286
643.6	0.24514811031664965	0.06020396973352341
644.1	0.24533632068579223	0.05949832592348647
644.6	0.2453509882192581	0.06015903482314231
645.1	0.24572879039343942	0.06041265474552957
645.7	0.24520494596436568	0.06022708573309199
646.2	0.2453326834023885	0.060187984389600394
646.7	0.2455209347614411	0.0608686115376179
647.3	0.24524261449360005	0.06103183315038419
647.8	0.24563021946008934	0.060922874815260826
648.3	0.2453178068898593	0.06098428860787212
648.9	0.2451231908611259	0.061456172906887895
649.4	0.24503599207691193	0.061178906079755936
649.9	0.24536768963520555	0.06131664853101197
650.4	0.2445299350805482	0.06141159876308794
651.0	0.24519530313922838	0.061770428015564205
651.5	0.24542369641064857	0.061903478026422216
652.0	0.24540344860436314	0.061660036555209116
652.6	0.24556577824148723	0.061877743282303825
653.1	0.24491821877659073	0.06252000426757709
653.6	0.2455157478461466	0.062204515272244354
654.1	0.245343367826905	0.06268910239396995
654.7	0.24567393134412122	0.06222269173885485
655.2	0.245375331997577	0.06278923012200252
655.7	0.2452733776188043	0.06281459731543625
656.3	0.2455417110565566	0.06272888981898085
656.8	0.24523085429914293	0.06356637536412817
657.3	0.2448876430311107	0.06297046150651509
657.8	0.2448848812193894	0.06311106512855
658.4	0.24527442496014576	0.0635386119257087
658.9	0.24535063049986391	0.06395736175882745
659.4	0.24504422771603537	0.06398565573770491
659.9	0.24505196565747853	0.0634961176951369
660.5	0.24497158834671237	0.06409864465504943
661.0	0.24559823479083173	0.06410386965376783
661.5	0.2457402328822551	0.06407648494711148
662.1	0.2456581250280483	0.0643704981231612
662.6	0.2452855543113102	0.06398500430619586
663.1	0.24544844553791098	0.06437246963562752
663.6	0.24507482689300872	0.0649088245693792
664.2	0.24527627641041677	0.06478673943804326
664.7	0.24513653399964305	0.0653040625788544
665.2	0.24514433357091947	0.06514297221103504
665.7	0.24558508740635035	0.06552246340232205
666.3	0.2458723784024989	0.06496590047991917
666.8	0.24558738102685554	0.06531417585753314
667.3	0.2452956688866044	0.06488839398694134
667.8	0.24521809081158383	0.06587462082912032
668.4	0.2449646405872348	0.0660081053698075
668.9	0.2451757331542422	0.0659368506411231
669.4	0.24527963403148406	0.06591451948975961
669.9	0.24542305789213262	0.0658042171742895
670.5	0.2456092947851932	0.06664626995053796
671.0	0.24538163467603857	0.06638410866567941
671.5	0.24503878766011186	0.06664283525686855
672.0	0.2455092529749785	0.06642388182191218
672.6	0.24570314271461613	0.06648156717569027
673.1	0.2454994785289983	0.06699917729329494
673.6	0.24544752736024703	0.06698613902200237
674.1	0.24570102811391137	0.06670452785378699
674.7	0.2452271381054358	0.06680444329630586
675.2	0.24510027867878842	0.06710226094171334
675.7	0.24546907098835882	0.06713286713286713
676.2	0.24490263459335623	0.06749869994799793
676.8	0.2457498968977684	0.06777719937532535
677.3	0.2450020681097477	0.06831584990344972
677.8	0.2453211937278705	0.06893310355632148
678.3	0.24540755100156927	0.068146049732452
678.9	0.2456561922365989	0.06829754842773898
679.4	0.24525331110493656	0.06801683324566019
679.9	0.24514484356894553	0.06861144752777631
680.4	0.24513220874575956	0.06843162122172902
681.0	0.2452303396928804	0.0691005291005291
681.5	0.2448922474111391	0.06879541717498541
682.0	0.2454541205067078	0.06919844689112281
682.5	0.24537210172026927	0.06932851294593013
683.1	0.2449438202247191	0.06947032206547778
683.6	0.2449621870449528	0.06928788931032641
684.1	0.24492671927846674	0.06903553299492386
684.6	0.24502188956362095	0.06915207027692967
685.1	0.24573041637261822	0.06957963418547439
685.7	0.24527323306143617	0.06943327435526245
686.2	0.24522968197879857	0.06959177113468339
686.7	0.2454005094820266	0.06988468758380263
687.2	0.2449056603773585	0.07027229845626072
687.8	0.24543006943460394	0.07008115225452786
688.3	0.24527856468366382	0.07032884501904405
688.8	0.24498675747256904	0.07007636872109282
689.3	0.24505723204994798	0.07032636163234582
689.8	0.24522323117669315	0.07078742273582371
690.4	0.24519549370444002	0.07115943589191517
690.9	0.2451875325166722	0.07129808725553406
691.4	0.24549315714959888	0.07157781944816502
691.9	0.24490085656145	0.0711941021363612
692.4	0.24518504531722055	0.07107987768896519
693.0	0.2449230187966374	0.0710567273117587
693.5	0.2452500236317232	0.07152445900230897
694.0	0.24555025730607621	0.07196096305431926
694.5	0.24514941226455175	0.0718726551613249
695.1	0.24531861704636573	0.07163922998552201
695.6	0.24534000283139068	0.07181164861096213
696.1	0.2451993394668554	0.07213677045929578
696.6	0.24487100881950669	0.07172339855266685
697.1	0.2451789334716394	0.07186880325848116
697.7	0.24506059320035836	0.07266881028938907
698.2	0.24492780975747852	0.07228657228657229
698.7	0.2455188679245283	0.07273409444176449
699.2	0.2448007545390238	0.07270387646774971
699.7	0.24541468244613135	0.0729903536977492
700.3	0.24545970488081725	0.07351281637917137
700.8	0.24525802942150324	0.07283877561999032
701.3	0.24497344461305007	0.07323259579060983
701.8	0.2445899772209567	0.07338261479523013
702.3	0.2448233282674772	0.07326027101441451
702.8	0.24534043362495245	0.07301638812266753
703.4	0.24485919171771858	0.07355800388852884
703.9	0.24450064417617026	0.07413437533919462
704.4	0.2446360153256705	0.07430408018739446
704.9	0.24493510225585516	0.07356309303086488
705.4	0.2446236559139785	0.07405789186237029
706.0	0.24492355182559206	0.07447684956335475
706.5	0.24566320367238464	0.07424133942831966
707.0	0.24495523832567143	0.07400264491955036
707.5	0.24511657214870824	0.07462851461083798
708.0	0.24532244739272002	0.0745152354570637
708.5	0.2447518386829672	0.07443023902167871
709.1	0.24522401915278252	0.07513516526392063
709.6	0.24506876804855368	0.07572034844762117
710.1	0.24410724808485562	0.07510103277952403
710.6	0.2448828970675064	0.0755205402363534
711.1	0.24453005383513607	0.07543968783577447
711.7	0.24445764053840063	0.07574468085106383
712.2	0.24497094322753687	0.07564175698802053
712.7	0.24484215759383546	0.07641309938846659
713.2	0.24498953036195034	0.07628238267562755
713.7	0.24514550990865072	0.07640851161986045
714.2	0.2448510297940412	0.07563219721080956
714.8	0.24518581503526235	0.07623917717473415
715.3	0.2450165280977662	0.07678842338662621
715.8	0.24519592594450856	0.07649057045800632
716.3	0.24470115519839278	0.07674651285974927
716.8	0.2446183953033268	0.0770453207769276
717.3	0.24469312992422343	0.0773542600896861
717.8	0.2451359911517772	0.07694133001127128
718.4	0.2452232502011263	0.07699619771863118
718.9	0.245150266358428	0.0776000475709104
719.4	0.24466536124918412	0.07703765490943756
719.9	0.24481181850158285	0.07744087686900578
720.4	0.2448251607717042	0.07811475898230352
720.9	0.2444812362030905	0.07857950151686396
721.4	0.24466857343569673	0.07788032152426318
722.0	0.2443899018232819	0.0783042987097925
722.5	0.24447562258856542	0.07842439342706294
723.0	0.24423317488116086	0.07831539098544896
723.5	0.24477656702989103	0.078422109365773
724.0	0.24416284174815406	0.07829160530191458
724.5	0.24480830670926518	0.07874757224412925
725.0	0.24445993725412082	0.0786958306456342
725.6	0.24420455676052133	0.07926116436754735
726.1	0.2441860465116279	0.07908847184986595
726.6	0.24481369086115118	0.07884761182714177
727.1	0.24434838773786455	0.07899179230455788
727.6	0.2440041710114703	0.07888469358117921
728.1	0.24460645737241482	0.07868814462857805
728.6	0.24420969101820167	0.07921078516461262
729.1	0.2444136154189169	0.07947860191486908
729.7	0.24437617679120008	0.07964499769479022
730.2	0.24432775190726247	0.07968678028558268
730.7	0.2442627013630731	0.07976978417266187
731.2	0.24440372424722662	0.08020222911639664
731.7	0.24451488286860482	0.08030998851894375
732.2	0.24516448182043038	0.080370942812983
732.7	0.24454018719358192	0.08053153101552209
733.2	0.24336107808164884	0.08049199084668192
733.8	0.24489795918367346	0.08116771608471665
734.3	0.24410033146984614	0.08084669367261939
734.8	0.24428423287738876	0.08096728307254623
735.3	0.24372812854256	0.08094616824550456
735.8	0.2439012394255361	0.08072459666006226
736.3	0.24411187438665358	0.08067976513098464
736.8	0.24430733068899663	0.08029279279279279
737.3	0.24413375048885413	0.0809900656676208
737.8	0.2443706344942119	0.0817402029489264
738.4	0.2441951219512195	0.08149101695863883
738.9	0.243776489501632	0.08124720607957085
739.4	0.24452448165092963	0.08119276301094483
739.9	0.24380627889997566	0.08150627615062761
740.4	0.24362647501578205	0.08167917709202113
740.9	0.24368889537428864	0.08249832999331998
741.4	0.24404704052872	0.08154983601089555
741.9	0.2443482911177014	0.08315268745483853
742.4	0.24442175878664138	0.08258258258258258
742.9	0.2440898920128417	0.08274980549071913
743.4	0.2444292749524599	0.08259028087382969
744.0	0.2440787224691117	0.0822834206712008
744.5	0.24457690052765294	0.0829847749707211
745.0	0.24402429467084638	0.08225301743406348
745.5	0.2444193690820782	0.08299289271923443
746.0	0.2441517593866719	0.08300196023522823
746.5	0.24438436962398624	0.08359930567221009
747.0	0.24456923304270725	0.08369327424692882
747.5	0.2445080712840006	0.08338018666366806
748.0	0.24428536163910144	0.08354871333857737
748.5	0.2439566958327154	0.08376462646264626
749.0	0.24401249566122873	0.08403835307388607
749.5	0.24464223559246184	0.08395564607377234
750.0	0.24383929904913626	0.08439868763434778
750.5	0.24444666800080048	0.0841716396703609
751.1	0.24404314020566842	0.0844877715067556
751.6	0.24417844389679627	0.08468571428571428
752.1	0.2444242607730346	0.08492459430013188
752.6	0.24446242540710023	0.08495981630309989
753.1	0.24414715719063546	0.08503909843606255
753.6	0.24451331030278398	0.08509166378415774
754.1	0.24359300962959188	0.08531161554900941
754.6	0.24382005220328573	0.08508909396947008
755.1	0.24460985626283369	0.08545666084933101
755.6	0.244150087619833	0.08567259994163992
756.1	0.24437781109445278	0.08584469541810522
756.6	0.2447112635791881	0.08603036365776157
757.1	0.2442036159016308	0.08571597005246713
757.6	0.24486381933190443	0.08595090209997042
758.1	0.24468140988601145	0.08594678070800665
758.6	0.24441392425122815	0.08616671646250373
759.1	0.24490878235044547	0.08678973867178134
759.6	0.24430123561994035	0.08654597943104589
760.1	0.2442805217019457	0.08688564183069677
760.7	0.2442366596807996	0.08723895094706167
761.2	0.24405756481431573	0.08694327667093157
761.7	0.24420677361853832	0.0863300567800232
762.2	0.2440586001085187	0.08748391839735342
762.7	0.24383053068355537	0.08715511388185915
763.2	0.24402227317392727	0.08788906009244993
763.7	0.24361158432708688	0.0875341445244599
764.2	0.24373274434014355	0.08823346012346449
764.7	0.24358050024957018	0.08826843620883937
765.2	0.24411206607880342	0.08824085154626189
765.7	0.24354367841904334	0.08868462757527734
766.2	0.24450704225352113	0.08910765322324547
766.7	0.24424929178470256	0.08801126544197657
767.2	0.24378704970360238	0.08895744954364314
767.7	0.24453747777714055	0.08878111865502748
768.2	0.24412983425414364	0.08897259384335628
768.7	0.24392501735709327	0.08842517117704597
769.2	0.24442763196182274	0.0893349075167257
769.7	0.24470698327289742	0.08948826167238196
770.2	0.24455660543459123	0.08972494049193334
770.7	0.24475977390485162	0.08904518611903656
771.2	0.24436290465763152	0.08986666666666666
771.7	0.2443522087162763	0.09025318992584674
772.2	0.24435844001190832	0.08960525433952148
772.7	0.24445904773283947	0.09050534957270709
773.2	0.2447829215639242	0.08982157339821574
773.7	0.24464629451395573	0.08994780722564902
774.2	0.2443975903614458	0.09100162866449511
774.7	0.24492639486278547	0.09017790198350488
775.2	0.24455264759586123	0.09024256543785117
775.7	0.24447421299397187	0.09044157981349424
776.2	0.2444077741107444	0.09115299944964227
776.7	0.24499663382091927	0.09079636263433452
777.2	0.2444948782432681	0.0906204707019118
777.7	0.2450600184672207	0.09186078757626179
778.2	0.2447833065810594	0.09132578651295228
778.7	0.24494590417310663	0.09198998748435544
779.2	0.24496373892022563	0.09292591042277103
779.7	0.24481173107990556	0.09153797777933058
780.2	0.2445743423916423	0.09225608051439754
780.7	0.24527713697861464	0.09230553412358841
781.2	0.24465290806754222	0.0929219090461798
781.7	0.2456415401981688	0.0925651345054014
782.2	0.24543686884526125	0.09262000422922394
782.6	0.24435641074011194	0.09252316615972271
783.1	0.24514379414732593	0.09316505955757232
783.6	0.24461975386557275	0.09364145459700858
784.1	0.24475082216038452	0.09303648908172701
784.6	0.2446216147810681	0.09330773060237536
785.1	0.24520174827389624	0.09353850537864215
785.6	0.24513840501678597	0.09351185812976284
786.1	0.24426510770794943	0.09375223134594787
786.6	0.2449901393218398	0.09415468269299564
787.1	0.24513049013367283	0.09390645115148047
787.6	0.2447297815254887	0.09354583961519133
788.1	0.24527939576265761	0.09393895767348114
788.6	0.2447592794409898	0.09475806451612903
789.1	0.2446890691386636	0.09418562657999277
789.6	0.2443812968225265	0.09457105530555959
790.1	0.244824016563147	0.09494038964815353
790.6	0.24501979105833496	0.09486655971999416
791.1	0.24484351616891145	0.0951998832798366
791.6	0.2445864857813723	0.0947638227755401
792.0	0.24480293789756705	0.09554327808471455
792.5	0.24521098018563622	0.09566760313470353
793.0	0.24570446735395188	0.09512502782518364
793.5	0.24522292993630573	0.09494708600387539
794.0	0.24635849684070502	0.09580659603044321
794.5	0.245037096450772	0.09657811796488068
795.0	0.2449171940218123	0.09539274924471298
795.5	0.24504516650937036	0.09596188747731398
796.0	0.24535593220338983	0.09571308916469962
796.5	0.24571078431372548	0.09633307868601987
797.0	0.2447581197752501	0.09619377162629758
797.5	0.24474898422973623	0.09724799010513296
798.0	0.24541109648819007	0.09587123862841147
798.4	0.2448182008514202	0.09704179057755517
798.9	0.24475328139257388	0.09647948334252185
799.4	0.24526300904977374	0.0971451229183188
799.9	0.2452857041201167	0.09754929352598388
800.4	0.24527761877504292	0.09795427196149217
800.9	0.24546370967741934	0.09699321047526673
801.4	0.2456382669380634	0.0970429668354844
801.9	0.24509229416935246	0.09732620320855614
802.4	0.2458810491318803	0.09715894972252133
802.9	0.2463865295783043	0.09793426444760392
803.3	0.2448749718405046	0.09800454660267745
803.8	0.2456326098464796	0.097809475292919
804.3	0.2458555133079848	0.0986095709289431
804.8	0.2461821809531118	0.09918993450534298
805.3	0.2460182464821401	0.09823983352120004
805.8	0.24550711048601345	0.09803749780970737
806.3	0.24607989914112363	0.09890498057223596
806.8	0.2458144886138221	0.09919857524487978
807.2	0.2464382903793821	0.10029630959863518
807.7	0.24522215950326587	0.09801792017377138
808.2	0.24574407428524883	0.09809114987670108
808.7	0.24577799639285128	0.09900625690099374
809.2	0.24597074138358543	0.09925788497217068
809.7	0.24653993663498416	0.09901731399157698
810.2	0.2460090741051924	0.09972690460495338
810.7	0.24631418403660396	0.09913588453138353
811.1	0.24655776960574702	0.09958784625706892
811.6	0.2466591947581688	0.09918793503480279
812.1	0.24615518290033886	0.10091564387297876
812.6	0.24555409548839247	0.10072648733555861
813.1	0.2464484249536751	0.10013866877971474
813.6	0.24646320847050449	0.10046892148059464
814.1	0.2458195475274971	0.1000100210441928
814.5	0.2465753424657534	0.100555275113579
815.0	0.2461650176999183	0.10013215411202603
815.5	0.24679369732502748	0.10063668104333538
816.0	0.24610850142765037	0.10079520809666426
816.5	0.2460708639449456	0.10083333333333333
817.0	0.24625608386372144	0.10065003145313482
817.4	0.24581058181133497	0.10080134964150148
817.9	0.24601820250284415	0.10131690739167375
818.4	0.24644051600573338	0.10192719486081371
818.9	0.2468019621044532	0.1006581076707304
819.4	0.24676078128021658	0.10199220441749675
819.9	0.24615534358575045	0.10202746893394375
820.3	0.24696673189823876	0.10142387732749178
820.8	0.24596138691883374	0.101137241912333
821.3	0.24668251138839375	0.10193905817174516
821.8	0.24681020733652312	0.10313301371390345
822.3	0.24520341536916124	0.10189866307156499
822.7	0.24659469276561397	0.10284488597877625
823.2	0.24645174371451745	0.10351473922902495
823.7	0.24631043256997456	0.10256410256410256
824.2	0.24703233729021695	0.10219981668194317
824.7	0.24729743642540924	0.10285319834330418
825.2	0.24764370792335577	0.10338041213243807
825.6	0.24711148121161652	0.10412299091544375
826.1	0.2468062827225131	0.10287921348314606
826.6	0.24693042291950887	0.10460742830277386
827.1	0.24696313510087672	0.10332190566260788
827.6	0.24742814720543005	0.10319060609654845
828.0	0.24731297222517826	0.10314061384725197
828.5	0.24706384796070896	0.10380169228935765
829.0	0.24761394101876674	0.10459397864939426
829.5	0.2459086993970715	0.10418671799807508
829.9	0.24670127622755786	0.10466521634034325
830.4	0.24630595393307259	0.10454103933948519
830.9	0.24822462580574675	0.10488400488400489
831.4	0.24830378638651784	0.10329213070615592
831.9	0.24741587860127556	0.10491400491400492
832.3	0.2476790450928382	0.10358467243510507
832.8	0.24697390338700723	0.10471464019851116
833.3	0.24694104560622915	0.10441267868241144
833.8	0.24804643893726278	0.10497375656085979
834.2	0.24719982078853048	0.10527631907976995
834.7	0.2475581003704951	0.10561262841393135
835.2	0.2463931469792606	0.10629722921914357
835.7	0.2462948297318701	0.10614101592115238
836.1	0.24725087858519443	0.10584958217270195
836.6	0.24758440377401386	0.10620707199185958
837.1	0.2468303826384923	0.1061089146792501
837.6	0.24690650779101742	0.1052159425861848
838.0	0.24807449132084147	0.10597302504816955
838.5	0.24682521357654122	0.10708295703780157
839.0	0.24667360870068264	0.10766446943259661
839.5	0.24742268041237114	0.10535182065569522
839.9	0.24636670154633183	0.10658185122679475
840.4	0.24673963670237542	0.1071521456436931
840.9	0.24877365101611773	0.10724070450097847
841.4	0.2475375234521576	0.10676296782665791
841.8	0.24711832509997647	0.10790612298413531
842.3	0.2471101674923331	0.10877008164340268
842.8	0.2481060606060606	0.1081116845308985
843.3	0.24759301081659338	0.10837765957446809
843.7	0.24752829064919596	0.10752831445702865
844.2	0.24772944550669215	0.10842569101348645
844.7	0.24840917276984031	0.10776672937382424
845.1	0.24713820942282202	0.10813718897108272
845.6	0.24831325301204818	0.10896830748482805
846.1	0.24818489835430785	0.10743801652892562
846.6	0.24745021855269547	0.10843864655523848
847.0	0.24662367684633166	0.10778850074758733
847.5	0.24660882316998656	0.10810441437747711
848.0	0.24794301854353432	0.10967564595931831
848.4	0.24731713334155667	0.10874965498205906
848.9	0.24770642201834864	0.10767309560149854
849.4	0.24772245101709722	0.10865921787709497
849.8	0.24799599198396793	0.1096140350877193
850.3	0.24717123459894394	0.10933108487914558
850.8	0.24712861289915436	0.10979228486646884
851.3	0.24746450304259635	0.10984794656813983
851.7	0.24770408163265306	0.10961840788909533
852.2	0.24807790876473604	0.11012203876525485
852.7	0.24797323381804143	0.1102135025966532
853.1	0.24702995867768596	0.1100347021399653
853.6	0.2480176784089432	0.11132157948419058
854.1	0.24843342036553526	0.11150131694468832
854.5	0.24806201550387597	0.11024433323520753
855.0	0.24927459773146926	0.11240940689247153
855.5	0.24724618447246186	0.11076419863217365
855.9	0.2491982896846606	0.1098621103117506
856.4	0.24808184143222506	0.11084264572636665
856.9	0.24764087355082232	0.11109429393067959
857.3	0.24735126324368378	0.11233211233211234
857.8	0.24766739846322722	0.11284106674888238
858.3	0.24906651915364403	0.11192631907586638
858.7	0.24742554967993322	0.11093676447512946
859.2	0.24860646599777034	0.11210832939694536
859.7	0.24692737430167597	0.11249409169686465
860.1	0.24839070808844108	0.11151591953112625
860.6	0.24943757030371203	0.11155505833466517
861.1	0.24992923860741578	0.11061020769602319
861.5	0.24854009400370317	0.11219512195121951
862.0	0.24576757532281204	0.11249794711775332
862.4	0.24859327658346558	0.11265279154278163
862.9	0.24742417646205195	0.11236890294656235
863.4	0.24770374690188074	0.11308724832214766
863.8	0.24850168104078352	0.1119567055640115
864.3	0.2480460109128447	0.11135781383432963
864.8	0.2479253112033195	0.1130419821059876
865.2	0.2472044132995378	0.11224843858431645
865.7	0.2486470234515935	0.11191019119452728
866.1	0.2497360880711808	0.1128747795414462
866.6	0.2478023643528342	0.11312700106723586
867.1	0.24786324786324787	0.11176892716182275
867.5	0.24769797421731124	0.11117126872405703
868.0	0.2485362095531587	0.11090909090909092
868.5	0.24848672978426198	0.11151736745886655
868.9	0.24733709273182958	0.11127541589648798
869.4	0.24790646231632169	0.10854589461925154
869.8	0.24599269957149658	0.10745655017753691
870.3	0.24681122448979592	0.10911136107986502
870.8	0.24603555982700626	0.1080368906455863
871.2	0.24726512226512226	0.10750047232193463
871.7	0.24793789422610382	0.10758177349215353
872.1	0.24812764571800716	0.1076777251184834
872.6	0.2483606557377049	0.10929169840060929
873.0	0.2508653370693918	0.11123831329898874
873.5	0.25323597743113174	0.11032096867192005
874.0	0.2564701953581566	0.11294977871849143
874.4	0.25686373589354894	0.11604556864259509
874.9	0.2610912799592045	0.11892732219199378
875.3	0.2606237148732008	0.12007835455435847
875.8	0.26119273984442526	0.12015043547110055
876.2	0.2608162550359082	0.1214915797914996
876.7	0.260427807486631	0.11893104855161159
877.2	0.2573502722323049	0.11870054144106622
877.6	0.25227906976744185	0.11603150947413242
878.1	0.24869866975130134	0.11794421260707226
