IAD1 # Must be first four characters
# Input Example with a single set of sphere coefficients 
# The order of entries is important 
# Anything after a ’#’ is ignored, blank lines are also ignored

1.34 # Index of refraction of the sample 
1.50 # Index of refraction of the top and bottom slides 
1.0 # [mm] Thickness of sample 
1.0 # [mm] Thickness of slides 
5.0 # [mm] Diameter of illumination beam 
0.96 # Reflectance of the calibration standard
1 # Number of spheres used during each measurement

# Properties of sphere used for reflectance measurements 203.2 # [mm] Sphere Diameter (8 in * 25.4 mm/in) 
25.4 # [mm] Sample Port Diameter 
12.7 # [mm] Entrance Port Diameter 
1.00 # [mm] Detector Port Diameter 
0.96 # Reflectance of the sphere wall

# Properties of sphere used for transmittance measurements 203.2 # [mm] Sphere Diameter (8 in * 25.4 mm/in) 
25.4 # [mm] Sample Port Diameter 
0.00 # [mm] Entrance Port Diameter 
1.00 # [mm] Detector Port Diameter 
0.96 # Reflectance of the sphere wall

2 # Number of measurements, M_R, M_T

#nm	#M_R	#M_T	#M_U	#r_w 	#t_w 	#rstd 	#tstd
349.8	0.14868804664723032	0.28189300411522633	0.0	0.9788	0.9788	0.98	1.0
350.3	0.14	0.3771760154738878	0.0	0.9788	0.9788	0.98	1.0
350.8	0.12324929971988796	0.42857142857142855	0.0	0.9788	0.9788	0.98	1.0
351.3	0.08757062146892655	0.445993031358885	0.0	0.9788	0.9788	0.98	1.0
351.9	0.1	0.4134453781512605	0.0	0.9788	0.9788	0.98	1.0
352.4	0.07027027027027027	0.3544093178036606	0.0	0.9788	0.9788	0.98	1.0
352.9	0.08997429305912596	0.29853181076672103	0.0	0.9788	0.9788	0.98	1.0
353.4	0.08838383838383838	0.22580645161290322	0.0	0.9788	0.9788	0.98	1.0
354.0	0.09296482412060302	0.178743961352657	0.0	0.9788	0.9788	0.98	1.0
354.5	0.11306532663316583	0.13408723747980614	0.0	0.9788	0.9788	0.98	1.0
355.0	0.11691542288557213	0.0755336617405583	0.0	0.9788	0.9788	0.98	1.0
355.5	0.14492753623188406	0.06291390728476821	0.0	0.9788	0.9788	0.98	1.0
356.0	0.13636363636363635	0.043333333333333335	0.0	0.9788	0.9788	0.98	1.0
356.6	0.14489311163895488	0.0387858347386172	0.0	0.9788	0.9788	0.98	1.0
357.1	0.15186915887850466	0.023529411764705882	0.0	0.9788	0.9788	0.98	1.0
357.6	0.1590909090909091	0.051580698835274545	0.0	0.9788	0.9788	0.98	1.0
358.1	0.15813953488372093	0.03064516129032258	0.0	0.9788	0.9788	0.98	1.0
358.7	0.17972350230414746	0.03980891719745223	0.0	0.9788	0.9788	0.98	1.0
359.2	0.17960088691796008	0.025157232704402517	0.0	0.9788	0.9788	0.98	1.0
359.7	0.17429193899782136	0.033690658499234305	0.0	0.9788	0.9788	0.98	1.0
360.2	0.17659574468085107	0.04066265060240964	0.0	0.9788	0.9788	0.98	1.0
360.8	0.17671517671517672	0.04978038067349927	0.0	0.9788	0.9788	0.98	1.0
361.3	0.18737270875763748	0.056439942112879886	0.0	0.9788	0.9788	0.98	1.0
361.8	0.18725099601593626	0.051893408134642355	0.0	0.9788	0.9788	0.98	1.0
362.3	0.189453125	0.05858310626702997	0.0	0.9788	0.9788	0.98	1.0
362.9	0.17142857142857143	0.0703851261620186	0.0	0.9788	0.9788	0.98	1.0
363.4	0.18518518518518517	0.056282722513089	0.0	0.9788	0.9788	0.98	1.0
363.9	0.17744916820702403	0.06521739130434782	0.0	0.9788	0.9788	0.98	1.0
364.4	0.17486338797814208	0.06565656565656566	0.0	0.9788	0.9788	0.98	1.0
364.9	0.2003577817531306	0.055900621118012424	0.0	0.9788	0.9788	0.98	1.0
365.5	0.17801047120418848	0.06142506142506143	0.0	0.9788	0.9788	0.98	1.0
366.0	0.17993079584775087	0.0688836104513064	0.0	0.9788	0.9788	0.98	1.0
366.5	0.18781725888324874	0.0660377358490566	0.0	0.9788	0.9788	0.98	1.0
367.0	0.20100502512562815	0.06323185011709602	0.0	0.9788	0.9788	0.98	1.0
367.6	0.20195439739413681	0.04861111111111111	0.0	0.9788	0.9788	0.98	1.0
368.1	0.2	0.06598407281001138	0.0	0.9788	0.9788	0.98	1.0
368.6	0.2028301886792453	0.062360801781737196	0.0	0.9788	0.9788	0.98	1.0
369.1	0.18944099378881987	0.054764512595837894	0.0	0.9788	0.9788	0.98	1.0
369.7	0.19756838905775076	0.05297297297297297	0.0	0.9788	0.9788	0.98	1.0
370.2	0.18926974664679583	0.059322033898305086	0.0	0.9788	0.9788	0.98	1.0
370.7	0.20144927536231885	0.06618407445708377	0.0	0.9788	0.9788	0.98	1.0
371.2	0.2	0.0513347022587269	0.0	0.9788	0.9788	0.98	1.0
371.8	0.20110957004160887	0.05511022044088176	0.0	0.9788	0.9788	0.98	1.0
372.3	0.19425444596443228	0.05593719332679097	0.0	0.9788	0.9788	0.98	1.0
372.8	0.21866666666666668	0.05115830115830116	0.0	0.9788	0.9788	0.98	1.0
373.3	0.19342105263157894	0.048204158790170135	0.0	0.9788	0.9788	0.98	1.0
373.9	0.20945083014048532	0.04609595484477893	0.0	0.9788	0.9788	0.98	1.0
374.4	0.21185372005044137	0.04511970534069982	0.0	0.9788	0.9788	0.98	1.0
374.9	0.2098159509202454	0.04878048780487805	0.0	0.9788	0.9788	0.98	1.0
375.5	0.21084337349397592	0.05053191489361702	0.0	0.9788	0.9788	0.98	1.0
376.0	0.20476190476190476	0.03574542284219703	0.0	0.9788	0.9788	0.98	1.0
376.5	0.21602787456445993	0.04704875962360992	0.0	0.9788	0.9788	0.98	1.0
377.0	0.20611551528878821	0.05104602510460251	0.0	0.9788	0.9788	0.98	1.0
377.6	0.22637362637362637	0.04330065359477124	0.0	0.9788	0.9788	0.98	1.0
378.1	0.21120689655172414	0.04487179487179487	0.0	0.9788	0.9788	0.98	1.0
378.6	0.22384937238493724	0.038431372549019606	0.0	0.9788	0.9788	0.98	1.0
379.1	0.21881390593047034	0.044753086419753084	0.0	0.9788	0.9788	0.98	1.0
379.7	0.23429710867397807	0.0392156862745098	0.0	0.9788	0.9788	0.98	1.0
380.2	0.22200584225900682	0.038433111603843315	0.0	0.9788	0.9788	0.98	1.0
380.7	0.2228626320845341	0.03918722786647315	0.0	0.9788	0.9788	0.98	1.0
381.2	0.2261116367076632	0.034261241970021415	0.0	0.9788	0.9788	0.98	1.0
381.8	0.22477064220183487	0.03927068723702665	0.0	0.9788	0.9788	0.98	1.0
382.3	0.22665457842248413	0.03997243280496209	0.0	0.9788	0.9788	0.98	1.0
382.8	0.2255772646536412	0.03474114441416894	0.0	0.9788	0.9788	0.98	1.0
383.4	0.23076923076923078	0.03355704697986577	0.0	0.9788	0.9788	0.98	1.0
383.9	0.22936576889661164	0.039280958721704395	0.0	0.9788	0.9788	0.98	1.0
384.4	0.23469387755102042	0.04342105263157895	0.0	0.9788	0.9788	0.98	1.0
384.9	0.22920203735144312	0.03913894324853229	0.0	0.9788	0.9788	0.98	1.0
385.5	0.23544093178036607	0.03425985778926956	0.0	0.9788	0.9788	0.98	1.0
386.0	0.2251655629139073	0.03956604977664327	0.0	0.9788	0.9788	0.98	1.0
386.5	0.24289195775792038	0.03229892336922103	0.0	0.9788	0.9788	0.98	1.0
387.1	0.23627684964200477	0.03706030150753769	0.0	0.9788	0.9788	0.98	1.0
387.6	0.2398729150119142	0.03609209707529558	0.0	0.9788	0.9788	0.98	1.0
388.1	0.23931623931623933	0.037943696450428395	0.0	0.9788	0.9788	0.98	1.0
388.6	0.2392638036809816	0.04161640530759952	0.0	0.9788	0.9788	0.98	1.0
389.2	0.2368815592203898	0.0362879238548483	0.0	0.9788	0.9788	0.98	1.0
389.7	0.24338235294117647	0.03231492361927144	0.0	0.9788	0.9788	0.98	1.0
390.2	0.23627167630057805	0.03452243958573072	0.0	0.9788	0.9788	0.98	1.0
390.8	0.24	0.03577417551704863	0.0	0.9788	0.9788	0.98	1.0
391.3	0.24623803009575923	0.03333333333333333	0.0	0.9788	0.9788	0.98	1.0
391.8	0.24048096192384769	0.03952991452991453	0.0	0.9788	0.9788	0.98	1.0
392.3	0.24205061648280338	0.03563941299790356	0.0	0.9788	0.9788	0.98	1.0
392.9	0.2447418738049713	0.033707865168539325	0.0	0.9788	0.9788	0.98	1.0
393.4	0.24984500929944203	0.03006012024048096	0.0	0.9788	0.9788	0.98	1.0
393.9	0.24787878787878787	0.0358018636586562	0.0	0.9788	0.9788	0.98	1.0
394.5	0.2486646884272997	0.03267659778952427	0.0	0.9788	0.9788	0.98	1.0
395.0	0.25144175317185696	0.03568075117370892	0.0	0.9788	0.9788	0.98	1.0
395.5	0.24645892351274787	0.032377428307123035	0.0	0.9788	0.9788	0.98	1.0
396.0	0.24581005586592178	0.03290676416819013	0.0	0.9788	0.9788	0.98	1.0
396.6	0.24517906336088155	0.039030955585464336	0.0	0.9788	0.9788	0.98	1.0
397.1	0.24986449864498644	0.03244444444444444	0.0	0.9788	0.9788	0.98	1.0
397.6	0.2482758620689655	0.03089143865842895	0.0	0.9788	0.9788	0.98	1.0
398.2	0.24139756484912653	0.02930883639545057	0.0	0.9788	0.9788	0.98	1.0
398.7	0.24394099051633297	0.03211805555555555	0.0	0.9788	0.9788	0.98	1.0
399.2	0.24752990119604784	0.03625377643504532	0.0	0.9788	0.9788	0.98	1.0
399.8	0.24098867147270855	0.03380402225074882	0.0	0.9788	0.9788	0.98	1.0
400.3	0.24795501022494887	0.031955688112484025	0.0	0.9788	0.9788	0.98	1.0
400.8	0.24885496183206107	0.030110262934690414	0.0	0.9788	0.9788	0.98	1.0
401.3	0.248868778280543	0.031157894736842107	0.0	0.9788	0.9788	0.98	1.0
401.9	0.2432701894317049	0.03096234309623431	0.0	0.9788	0.9788	0.98	1.0
402.4	0.24680432645034414	0.026926263463131733	0.0	0.9788	0.9788	0.98	1.0
402.9	0.24538386783284744	0.029532403609515995	0.0	0.9788	0.9788	0.98	1.0
403.5	0.24785100286532952	0.03317152103559871	0.0	0.9788	0.9788	0.98	1.0
404.0	0.24788732394366197	0.028377298161470825	0.0	0.9788	0.9788	0.98	1.0
404.5	0.2497691597414589	0.03155818540433925	0.0	0.9788	0.9788	0.98	1.0
405.1	0.24544626593806923	0.03324313877077696	0.0	0.9788	0.9788	0.98	1.0
405.6	0.24441465594280606	0.029669075694180296	0.0	0.9788	0.9788	0.98	1.0
406.1	0.24956217162872155	0.03021260723610593	0.0	0.9788	0.9788	0.98	1.0
406.7	0.2503209242618742	0.027336534909493906	0.0	0.9788	0.9788	0.98	1.0
407.2	0.24663299663299662	0.032502708559046585	0.0	0.9788	0.9788	0.98	1.0
407.7	0.2472095907399752	0.03091684434968017	0.0	0.9788	0.9788	0.98	1.0
408.2	0.25141930251419303	0.031053733426378228	0.0	0.9788	0.9788	0.98	1.0
408.8	0.24890829694323144	0.030521262002743483	0.0	0.9788	0.9788	0.98	1.0
409.3	0.24941451990632318	0.03314169766655394	0.0	0.9788	0.9788	0.98	1.0
409.8	0.24616564417177914	0.028112449799196786	0.0	0.9788	0.9788	0.98	1.0
410.4	0.2501892505677517	0.029615004935834157	0.0	0.9788	0.9788	0.98	1.0
410.9	0.25018532246108227	0.024295432458697766	0.0	0.9788	0.9788	0.98	1.0
411.4	0.2512839325018342	0.03164961636828645	0.0	0.9788	0.9788	0.98	1.0
412.0	0.24918977313647822	0.027514231499051234	0.0	0.9788	0.9788	0.98	1.0
412.5	0.24839629365645047	0.030274656679151062	0.0	0.9788	0.9788	0.98	1.0
413.0	0.25	0.02778635381290522	0.0	0.9788	0.9788	0.98	1.0
413.6	0.24843858431644691	0.027531355154481494	0.0	0.9788	0.9788	0.98	1.0
414.1	0.24897119341563786	0.027198549410698096	0.0	0.9788	0.9788	0.98	1.0
414.6	0.25237127371273715	0.027327327327327327	0.0	0.9788	0.9788	0.98	1.0
415.2	0.25075225677031093	0.03023117960877297	0.0	0.9788	0.9788	0.98	1.0
415.7	0.2509090909090909	0.026076765309112217	0.0	0.9788	0.9788	0.98	1.0
416.2	0.2506527415143603	0.028968713789107765	0.0	0.9788	0.9788	0.98	1.0
416.8	0.24677835051546393	0.026762589928057554	0.0	0.9788	0.9788	0.98	1.0
417.3	0.25063694267515924	0.026996305768684285	0.0	0.9788	0.9788	0.98	1.0
417.8	0.2504708097928437	0.030123873873873875	0.0	0.9788	0.9788	0.98	1.0
418.4	0.25023342670401494	0.02982994145525509	0.0	0.9788	0.9788	0.98	1.0
418.9	0.24969325153374233	0.030278007156619872	0.0	0.9788	0.9788	0.98	1.0
419.4	0.2498482088646023	0.02920305676855895	0.0	0.9788	0.9788	0.98	1.0
420.0	0.2505256833884049	0.02461455233973492	0.0	0.9788	0.9788	0.98	1.0
420.5	0.2510398098633393	0.026598602901665772	0.0	0.9788	0.9788	0.98	1.0
421.0	0.25095729013254786	0.025593175153292454	0.0	0.9788	0.9788	0.98	1.0
421.5	0.24810936591041302	0.029504741833508957	0.0	0.9788	0.9788	0.98	1.0
422.1	0.24797453703703703	0.028810895756940808	0.0	0.9788	0.9788	0.98	1.0
422.6	0.2494279176201373	0.02934302778499091	0.0	0.9788	0.9788	0.98	1.0
423.1	0.24900737379466817	0.02968508002065049	0.0	0.9788	0.9788	0.98	1.0
423.7	0.24782242202865973	0.029275808936825885	0.0	0.9788	0.9788	0.98	1.0
424.2	0.24825467746439542	0.030010172939979655	0.0	0.9788	0.9788	0.98	1.0
424.7	0.2501383508577753	0.029062421026029822	0.0	0.9788	0.9788	0.98	1.0
425.3	0.2515757741847081	0.02769385699899295	0.0	0.9788	0.9788	0.98	1.0
425.8	0.24904632152588557	0.02944111776447106	0.0	0.9788	0.9788	0.98	1.0
426.3	0.24607046070460706	0.027791563275434243	0.0	0.9788	0.9788	0.98	1.0
426.9	0.2489949075314929	0.027346637102734665	0.0	0.9788	0.9788	0.98	1.0
427.4	0.2480702688315145	0.028886168910648716	0.0	0.9788	0.9788	0.98	1.0
427.9	0.2479599894709134	0.027737226277372264	0.0	0.9788	0.9788	0.98	1.0
428.5	0.24908901613742843	0.030033637674195098	0.0	0.9788	0.9788	0.98	1.0
429.0	0.24845679012345678	0.03002144388849178	0.0	0.9788	0.9788	0.98	1.0
429.6	0.2480974124809741	0.028437132784958873	0.0	0.9788	0.9788	0.98	1.0
430.1	0.2505	0.029193697868396665	0.0	0.9788	0.9788	0.98	1.0
430.6	0.24883206294566018	0.0283363802559415	0.0	0.9788	0.9788	0.98	1.0
431.2	0.246684350132626	0.027621827981136313	0.0	0.9788	0.9788	0.98	1.0
431.7	0.24798673614400757	0.027802294792586054	0.0	0.9788	0.9788	0.98	1.0
432.2	0.2486046511627907	0.027126736111111112	0.0	0.9788	0.9788	0.98	1.0
432.8	0.2462840155499657	0.02700385769395628	0.0	0.9788	0.9788	0.98	1.0
433.3	0.24764044943820224	0.025927487352445194	0.0	0.9788	0.9788	0.98	1.0
433.8	0.2479028697571744	0.0291865038294349	0.0	0.9788	0.9788	0.98	1.0
434.4	0.24783362218370883	0.027721157766000815	0.0	0.9788	0.9788	0.98	1.0
434.9	0.24619995718261614	0.027956556717618663	0.0	0.9788	0.9788	0.98	1.0
435.4	0.24958018471872376	0.026560951437066403	0.0	0.9788	0.9788	0.98	1.0
436.0	0.2465753424657534	0.02638780297107115	0.0	0.9788	0.9788	0.98	1.0
436.5	0.2455960671855797	0.027622175004829053	0.0	0.9788	0.9788	0.98	1.0
437.0	0.24802271344554858	0.027265745007680493	0.0	0.9788	0.9788	0.98	1.0
437.6	0.24869739478957917	0.0282947208507406	0.0	0.9788	0.9788	0.98	1.0
438.1	0.2475089677162216	0.026704545454545453	0.0	0.9788	0.9788	0.98	1.0
438.6	0.2473288484368817	0.026118000751597144	0.0	0.9788	0.9788	0.98	1.0
439.2	0.24551724137931036	0.027684249906472128	0.0	0.9788	0.9788	0.98	1.0
439.7	0.24740653748287336	0.02816113390525923	0.0	0.9788	0.9788	0.98	1.0
440.2	0.24746489859594384	0.027570789865871834	0.0	0.9788	0.9788	0.98	1.0
440.8	0.24585689218171183	0.026252094582014524	0.0	0.9788	0.9788	0.98	1.0
441.3	0.24878617207224704	0.02840170781511045	0.0	0.9788	0.9788	0.98	1.0
441.8	0.24505622334238078	0.029591270575180323	0.0	0.9788	0.9788	0.98	1.0
442.4	0.24661246612466126	0.026896679651270638	0.0	0.9788	0.9788	0.98	1.0
442.9	0.24733888136249274	0.028523800703834045	0.0	0.9788	0.9788	0.98	1.0
443.5	0.2460914881297047	0.030735049064987967	0.0	0.9788	0.9788	0.98	1.0
444.0	0.24697057126370456	0.02722222222222222	0.0	0.9788	0.9788	0.98	1.0
444.5	0.24562752258312512	0.02885682574916759	0.0	0.9788	0.9788	0.98	1.0
445.1	0.2481318260203104	0.027649769585253458	0.0	0.9788	0.9788	0.98	1.0
445.6	0.24676067073170732	0.03151914971596115	0.0	0.9788	0.9788	0.98	1.0
446.1	0.2475975127190503	0.02983445515735856	0.0	0.9788	0.9788	0.98	1.0
446.7	0.24468085106382978	0.028395731597033822	0.0	0.9788	0.9788	0.98	1.0
447.2	0.24564653575398296	0.029475197699496764	0.0	0.9788	0.9788	0.98	1.0
447.7	0.2453211009174312	0.028916090118857547	0.0	0.9788	0.9788	0.98	1.0
448.3	0.24778440947730151	0.02912280701754386	0.0	0.9788	0.9788	0.98	1.0
448.8	0.24687834463075276	0.02925393803011944	0.0	0.9788	0.9788	0.98	1.0
449.3	0.2467076382791923	0.029331514324693043	0.0	0.9788	0.9788	0.98	1.0
449.9	0.24589880849594198	0.027236045729657026	0.0	0.9788	0.9788	0.98	1.0
450.4	0.24682149516867266	0.02888742159128425	0.0	0.9788	0.9788	0.98	1.0
450.9	0.24537114261884904	0.028683181225554105	0.0	0.9788	0.9788	0.98	1.0
451.5	0.247336502212752	0.027230498157936888	0.0	0.9788	0.9788	0.98	1.0
452.0	0.24400836416277946	0.028310789556464298	0.0	0.9788	0.9788	0.98	1.0
452.6	0.247347585114806	0.02805766547822043	0.0	0.9788	0.9788	0.98	1.0
453.1	0.24591693887074195	0.026936539339522142	0.0	0.9788	0.9788	0.98	1.0
453.6	0.24432515337423313	0.027911164465786314	0.0	0.9788	0.9788	0.98	1.0
454.2	0.24566691785983422	0.028807800265918157	0.0	0.9788	0.9788	0.98	1.0
454.7	0.24564796905222436	0.027465303140978815	0.0	0.9788	0.9788	0.98	1.0
455.2	0.24523879285086433	0.028022533583706485	0.0	0.9788	0.9788	0.98	1.0
455.8	0.2435767165045725	0.027686599115170542	0.0	0.9788	0.9788	0.98	1.0
456.3	0.2446456806094581	0.02800169707254985	0.0	0.9788	0.9788	0.98	1.0
456.8	0.24490377761938703	0.026049000281610814	0.0	0.9788	0.9788	0.98	1.0
457.4	0.24484608867551538	0.02803347280334728	0.0	0.9788	0.9788	0.98	1.0
457.9	0.24473758069042942	0.028174878556557946	0.0	0.9788	0.9788	0.98	1.0
458.5	0.24422673198040587	0.027754648903691368	0.0	0.9788	0.9788	0.98	1.0
459.0	0.24512263099219622	0.028709454796411318	0.0	0.9788	0.9788	0.98	1.0
459.5	0.2451782988760927	0.02780454232622161	0.0	0.9788	0.9788	0.98	1.0
460.1	0.24476784476784477	0.027617477328936522	0.0	0.9788	0.9788	0.98	1.0
460.6	0.24439834024896265	0.028441879637262985	0.0	0.9788	0.9788	0.98	1.0
461.1	0.24399668782776704	0.028830313014827018	0.0	0.9788	0.9788	0.98	1.0
461.7	0.24593551942683936	0.02917808219178082	0.0	0.9788	0.9788	0.98	1.0
462.2	0.24438318401102688	0.028497054391012466	0.0	0.9788	0.9788	0.98	1.0
462.7	0.24335490979203966	0.030145245272677444	0.0	0.9788	0.9788	0.98	1.0
463.3	0.24499039253362614	0.031459444672411435	0.0	0.9788	0.9788	0.98	1.0
463.8	0.24488675360329443	0.029867105082888066	0.0	0.9788	0.9788	0.98	1.0
464.4	0.2445235487404162	0.028727770177838577	0.0	0.9788	0.9788	0.98	1.0
464.9	0.24400544959128065	0.028353326063249727	0.0	0.9788	0.9788	0.98	1.0
465.4	0.2442696324426963	0.029966101694915256	0.0	0.9788	0.9788	0.98	1.0
466.0	0.2440828402366864	0.028967933171651847	0.0	0.9788	0.9788	0.98	1.0
466.5	0.24501538873277132	0.03029490616621984	0.0	0.9788	0.9788	0.98	1.0
467.0	0.24435590969455512	0.030658491069048253	0.0	0.9788	0.9788	0.98	1.0
467.6	0.24462046204620463	0.03074476543864299	0.0	0.9788	0.9788	0.98	1.0
468.1	0.243717277486911	0.029744669649907872	0.0	0.9788	0.9788	0.98	1.0
468.7	0.2439403758911212	0.02894393741851369	0.0	0.9788	0.9788	0.98	1.0
469.2	0.24479300591411673	0.02973881561934316	0.0	0.9788	0.9788	0.98	1.0
469.7	0.24370389213940474	0.030454254638515674	0.0	0.9788	0.9788	0.98	1.0
470.3	0.24369641956631366	0.030880670987418986	0.0	0.9788	0.9788	0.98	1.0
470.8	0.2445082376435347	0.029845107669059314	0.0	0.9788	0.9788	0.98	1.0
471.3	0.24381800197823936	0.02948894164688242	0.0	0.9788	0.9788	0.98	1.0
471.9	0.24367591347916412	0.03061350450561659	0.0	0.9788	0.9788	0.98	1.0
472.4	0.24345930232558138	0.030046602894285013	0.0	0.9788	0.9788	0.98	1.0
473.0	0.24302884615384615	0.028435440566268	0.0	0.9788	0.9788	0.98	1.0
473.5	0.24351035960943082	0.031136857349746562	0.0	0.9788	0.9788	0.98	1.0
474.0	0.2439197166469894	0.03205741626794258	0.0	0.9788	0.9788	0.98	1.0
474.6	0.2438253540910687	0.030414637044077462	0.0	0.9788	0.9788	0.98	1.0
475.1	0.2429798097006266	0.02944640753828033	0.0	0.9788	0.9788	0.98	1.0
475.6	0.24387156174473473	0.0289193302891933	0.0	0.9788	0.9788	0.98	1.0
476.2	0.24331122798993826	0.031493317838466005	0.0	0.9788	0.9788	0.98	1.0
476.7	0.24332613881631263	0.029854200416570238	0.0	0.9788	0.9788	0.98	1.0
477.3	0.2430539868985769	0.02955381784728611	0.0	0.9788	0.9788	0.98	1.0
477.8	0.2428043453914212	0.029710890183978975	0.0	0.9788	0.9788	0.98	1.0
478.3	0.2428698752228164	0.031072805624858243	0.0	0.9788	0.9788	0.98	1.0
478.9	0.2431086017934241	0.03120054261813249	0.0	0.9788	0.9788	0.98	1.0
479.4	0.2426171917883412	0.031200897867564536	0.0	0.9788	0.9788	0.98	1.0
479.9	0.24341102156392944	0.030427998216674097	0.0	0.9788	0.9788	0.98	1.0
480.5	0.24380478303213937	0.030430452583822064	0.0	0.9788	0.9788	0.98	1.0
481.0	0.2427038626609442	0.030546093835842215	0.0	0.9788	0.9788	0.98	1.0
481.6	0.24286018755328218	0.030994215868165448	0.0	0.9788	0.9788	0.98	1.0
482.1	0.24258105396557186	0.030437608318890814	0.0	0.9788	0.9788	0.98	1.0
482.6	0.24312696747114376	0.031754574811625406	0.0	0.9788	0.9788	0.98	1.0
483.2	0.2428051948051948	0.03113006396588486	0.0	0.9788	0.9788	0.98	1.0
483.7	0.24268431392823905	0.031532009767491244	0.0	0.9788	0.9788	0.98	1.0
484.2	0.24255449800429843	0.03114805850783963	0.0	0.9788	0.9788	0.98	1.0
484.8	0.24363008831590702	0.030663329161451813	0.0	0.9788	0.9788	0.98	1.0
485.3	0.24349142280524722	0.03131805454734004	0.0	0.9788	0.9788	0.98	1.0
485.9	0.2422478675363773	0.03163444639718805	0.0	0.9788	0.9788	0.98	1.0
486.4	0.24223416965352448	0.031086488150200063	0.0	0.9788	0.9788	0.98	1.0
486.9	0.24147811481078946	0.030858539566147265	0.0	0.9788	0.9788	0.98	1.0
487.5	0.24282625786163523	0.030939338608236965	0.0	0.9788	0.9788	0.98	1.0
488.0	0.24229418650019507	0.030626637114648397	0.0	0.9788	0.9788	0.98	1.0
488.6	0.2430939226519337	0.031663326653306616	0.0	0.9788	0.9788	0.98	1.0
489.1	0.2442946557534906	0.03151490974369203	0.0	0.9788	0.9788	0.98	1.0
489.6	0.24289554531490015	0.03250820161049806	0.0	0.9788	0.9788	0.98	1.0
490.2	0.24219570405727925	0.03219096671949287	0.0	0.9788	0.9788	0.98	1.0
490.7	0.24213926094803837	0.031994487103760585	0.0	0.9788	0.9788	0.98	1.0
491.2	0.24184370257966617	0.03137602045834563	0.0	0.9788	0.9788	0.98	1.0
491.8	0.24237560192616373	0.032024287533052594	0.0	0.9788	0.9788	0.98	1.0
492.3	0.24192485168094924	0.03201488153514784	0.0	0.9788	0.9788	0.98	1.0
492.9	0.2420884590102357	0.031586152943477414	0.0	0.9788	0.9788	0.98	1.0
493.4	0.24188098366810587	0.030456852791878174	0.0	0.9788	0.9788	0.98	1.0
493.9	0.24221972253468316	0.0317227916056613	0.0	0.9788	0.9788	0.98	1.0
494.5	0.24262295081967214	0.033271538686701144	0.0	0.9788	0.9788	0.98	1.0
495.0	0.2423730404580869	0.03178484107579462	0.0	0.9788	0.9788	0.98	1.0
495.6	0.24259745127436283	0.03167465050347053	0.0	0.9788	0.9788	0.98	1.0
496.1	0.24220803604956814	0.032318088336108115	0.0	0.9788	0.9788	0.98	1.0
496.6	0.24262633853090362	0.032770800627943485	0.0	0.9788	0.9788	0.98	1.0
497.2	0.24316195131121346	0.033147004020790426	0.0	0.9788	0.9788	0.98	1.0
497.7	0.24290132133820636	0.032270720941638055	0.0	0.9788	0.9788	0.98	1.0
498.2	0.2430601298579091	0.033899970521764765	0.0	0.9788	0.9788	0.98	1.0
498.8	0.24286655993973066	0.034122287968441814	0.0	0.9788	0.9788	0.98	1.0
499.3	0.24180058265200638	0.03303185214313802	0.0	0.9788	0.9788	0.98	1.0
499.9	0.24253240653766672	0.03312039312039312	0.0	0.9788	0.9788	0.98	1.0
500.4	0.2422651415713482	0.03259695630829652	0.0	0.9788	0.9788	0.98	1.0
500.9	0.24214953271028036	0.03299716048173896	0.0	0.9788	0.9788	0.98	1.0
501.5	0.24133444847133165	0.0344458499562129	0.0	0.9788	0.9788	0.98	1.0
502.0	0.24313110824267012	0.033614259420711036	0.0	0.9788	0.9788	0.98	1.0
502.6	0.24131291830934262	0.034151034151034154	0.0	0.9788	0.9788	0.98	1.0
503.1	0.24188119712544345	0.03411697247706422	0.0	0.9788	0.9788	0.98	1.0
503.6	0.24235039263471433	0.033298548524807896	0.0	0.9788	0.9788	0.98	1.0
504.2	0.24195278969957082	0.03376281388131289	0.0	0.9788	0.9788	0.98	1.0
504.7	0.24201115340355847	0.03389514852407114	0.0	0.9788	0.9788	0.98	1.0
505.2	0.24208680403331873	0.035384331116038434	0.0	0.9788	0.9788	0.98	1.0
505.8	0.24220039975666985	0.034047226798462386	0.0	0.9788	0.9788	0.98	1.0
506.3	0.24252292398663125	0.03516861043305307	0.0	0.9788	0.9788	0.98	1.0
506.9	0.24175266452376926	0.03344929087503345	0.0	0.9788	0.9788	0.98	1.0
507.4	0.24241160773849232	0.033717756844792675	0.0	0.9788	0.9788	0.98	1.0
507.9	0.2420991831009159	0.033981005489239345	0.0	0.9788	0.9788	0.98	1.0
508.5	0.24219959266802443	0.0347114556416882	0.0	0.9788	0.9788	0.98	1.0
509.0	0.2420249096022499	0.034010713374713036	0.0	0.9788	0.9788	0.98	1.0
509.6	0.2420392281426189	0.03452040987737275	0.0	0.9788	0.9788	0.98	1.0
510.1	0.24161495562013982	0.0337798485730926	0.0	0.9788	0.9788	0.98	1.0
510.6	0.24158308063136616	0.03408248950358113	0.0	0.9788	0.9788	0.98	1.0
511.2	0.24132358599461332	0.034589655735030186	0.0	0.9788	0.9788	0.98	1.0
511.7	0.24195878640407573	0.033884630899556276	0.0	0.9788	0.9788	0.98	1.0
512.2	0.24153532916069678	0.033360064153969526	0.0	0.9788	0.9788	0.98	1.0
512.8	0.2415931848752055	0.033616784550584124	0.0	0.9788	0.9788	0.98	1.0
513.3	0.2409808133935847	0.034341524889729046	0.0	0.9788	0.9788	0.98	1.0
513.9	0.24087591240875914	0.03477715986527767	0.0	0.9788	0.9788	0.98	1.0
514.4	0.24107600967529136	0.03409268216570448	0.0	0.9788	0.9788	0.98	1.0
514.9	0.24181672377341984	0.034694194349580876	0.0	0.9788	0.9788	0.98	1.0
515.5	0.24123381347301032	0.034012551328736346	0.0	0.9788	0.9788	0.98	1.0
516.0	0.24146695715323166	0.035504331683168314	0.0	0.9788	0.9788	0.98	1.0
516.6	0.24158976967230983	0.035586912699643355	0.0	0.9788	0.9788	0.98	1.0
517.1	0.24212211629430172	0.0343890700201832	0.0	0.9788	0.9788	0.98	1.0
517.6	0.24202011368605159	0.03531974482651315	0.0	0.9788	0.9788	0.98	1.0
518.2	0.24179998538972897	0.035182151493876275	0.0	0.9788	0.9788	0.98	1.0
518.7	0.2419673570958062	0.03542383484516735	0.0	0.9788	0.9788	0.98	1.0
519.3	0.24097360100007353	0.03595540901240383	0.0	0.9788	0.9788	0.98	1.0
519.8	0.24180540140584536	0.03575666482082114	0.0	0.9788	0.9788	0.98	1.0
520.3	0.24197384066587396	0.03565175871399013	0.0	0.9788	0.9788	0.98	1.0
520.9	0.24155669872511742	0.036830357142857144	0.0	0.9788	0.9788	0.98	1.0
521.4	0.24097107747639743	0.03598909907021481	0.0	0.9788	0.9788	0.98	1.0
521.9	0.24179957869395124	0.036168841630417274	0.0	0.9788	0.9788	0.98	1.0
522.5	0.24168179068360557	0.03669799092676604	0.0	0.9788	0.9788	0.98	1.0
523.0	0.24164700509932263	0.036460032626427406	0.0	0.9788	0.9788	0.98	1.0
523.6	0.24093442247499808	0.03769111274630038	0.0	0.9788	0.9788	0.98	1.0
524.1	0.24148984887803387	0.03672200866933835	0.0	0.9788	0.9788	0.98	1.0
524.6	0.24209478600413445	0.03692762186115214	0.0	0.9788	0.9788	0.98	1.0
525.2	0.24130268199233718	0.0383478403678765	0.0	0.9788	0.9788	0.98	1.0
525.7	0.2413001912045889	0.037848932676518884	0.0	0.9788	0.9788	0.98	1.0
526.3	0.2414686166971359	0.03768803139306737	0.0	0.9788	0.9788	0.98	1.0
526.8	0.24158114785252754	0.03794679288395626	0.0	0.9788	0.9788	0.98	1.0
527.3	0.24160921281915296	0.03785720100952536	0.0	0.9788	0.9788	0.98	1.0
527.9	0.24136109853629092	0.03791315618924174	0.0	0.9788	0.9788	0.98	1.0
528.4	0.24048066090874953	0.037912398160845365	0.0	0.9788	0.9788	0.98	1.0
528.9	0.24177545691906005	0.03801334083420397	0.0	0.9788	0.9788	0.98	1.0
529.5	0.24052889615213194	0.037551933525087886	0.0	0.9788	0.9788	0.98	1.0
530.0	0.2421409114334094	0.03747425130724132	0.0	0.9788	0.9788	0.98	1.0
530.6	0.24183293137469852	0.03742432581177765	0.0	0.9788	0.9788	0.98	1.0
531.1	0.24159420289855071	0.03840749414519906	0.0	0.9788	0.9788	0.98	1.0
531.6	0.2410252728317059	0.03745260388454693	0.0	0.9788	0.9788	0.98	1.0
532.2	0.24068400427502673	0.03824591045234621	0.0	0.9788	0.9788	0.98	1.0
532.7	0.2415176685907363	0.03821898032064433	0.0	0.9788	0.9788	0.98	1.0
533.3	0.24159298196755552	0.03873054072347146	0.0	0.9788	0.9788	0.98	1.0
533.8	0.24135551107736905	0.039149888143176735	0.0	0.9788	0.9788	0.98	1.0
534.3	0.24108299802223282	0.03961345529654765	0.0	0.9788	0.9788	0.98	1.0
534.9	0.24192458440329775	0.03899518037096539	0.0	0.9788	0.9788	0.98	1.0
535.4	0.24169446297531688	0.03923265541612578	0.0	0.9788	0.9788	0.98	1.0
536.0	0.24084358058971309	0.038989841178995566	0.0	0.9788	0.9788	0.98	1.0
536.5	0.24092517363386187	0.039301929625425655	0.0	0.9788	0.9788	0.98	1.0
537.0	0.2409028993967698	0.0395706167122711	0.0	0.9788	0.9788	0.98	1.0
537.6	0.24110875297446782	0.038332868692500695	0.0	0.9788	0.9788	0.98	1.0
538.1	0.24097461410894247	0.03933245620109411	0.0	0.9788	0.9788	0.98	1.0
538.6	0.24148841918744463	0.039280318637549785	0.0	0.9788	0.9788	0.98	1.0
539.2	0.2415913654618474	0.0394108823128324	0.0	0.9788	0.9788	0.98	1.0
539.7	0.24093231958120404	0.039182513365365094	0.0	0.9788	0.9788	0.98	1.0
540.3	0.2409900130264872	0.03906091884233961	0.0	0.9788	0.9788	0.98	1.0
540.8	0.24124321657622103	0.03860615012756815	0.0	0.9788	0.9788	0.98	1.0
541.3	0.2415423343771106	0.038731218697829715	0.0	0.9788	0.9788	0.98	1.0
541.9	0.24122324159021408	0.03883753408259626	0.0	0.9788	0.9788	0.98	1.0
542.4	0.24187351344758187	0.039503386004514675	0.0	0.9788	0.9788	0.98	1.0
543.0	0.24119257681776696	0.03949373798953018	0.0	0.9788	0.9788	0.98	1.0
543.5	0.24145467791876632	0.04001587406574509	0.0	0.9788	0.9788	0.98	1.0
544.0	0.240546282245827	0.03921698300376959	0.0	0.9788	0.9788	0.98	1.0
544.6	0.24091847892115173	0.03975352812562115	0.0	0.9788	0.9788	0.98	1.0
545.1	0.24150051512029574	0.04025381717231807	0.0	0.9788	0.9788	0.98	1.0
545.6	0.24135836218941742	0.04029959567839862	0.0	0.9788	0.9788	0.98	1.0
546.2	0.2414881349760272	0.040617545719586534	0.0	0.9788	0.9788	0.98	1.0
546.7	0.24132693359256335	0.040074309978768576	0.0	0.9788	0.9788	0.98	1.0
547.3	0.2418864713747417	0.04021767985134059	0.0	0.9788	0.9788	0.98	1.0
547.8	0.2417883211678832	0.04055311793644462	0.0	0.9788	0.9788	0.98	1.0
548.3	0.2420603474550442	0.040927876283162246	0.0	0.9788	0.9788	0.98	1.0
548.9	0.24174146669109117	0.04033658341124616	0.0	0.9788	0.9788	0.98	1.0
549.4	0.24135191296907468	0.0399812796683827	0.0	0.9788	0.9788	0.98	1.0
550.0	0.24129490239275442	0.04032420121910376	0.0	0.9788	0.9788	0.98	1.0
550.5	0.2411955656274882	0.04135111587695195	0.0	0.9788	0.9788	0.98	1.0
551.0	0.2407464244061138	0.04053236539624924	0.0	0.9788	0.9788	0.98	1.0
551.6	0.2411042944785276	0.041518307020490426	0.0	0.9788	0.9788	0.98	1.0
552.1	0.24158269845170804	0.04122600202088245	0.0	0.9788	0.9788	0.98	1.0
552.6	0.24186617556783302	0.04117250673854447	0.0	0.9788	0.9788	0.98	1.0
553.2	0.24182120633355925	0.04263225457739342	0.0	0.9788	0.9788	0.98	1.0
553.7	0.2420456643485753	0.04205765206237764	0.0	0.9788	0.9788	0.98	1.0
554.3	0.24132200886262925	0.04228872525839357	0.0	0.9788	0.9788	0.98	1.0
554.8	0.24100387525373684	0.042063331307811765	0.0	0.9788	0.9788	0.98	1.0
555.3	0.24096829687884	0.042501517911353974	0.0	0.9788	0.9788	0.98	1.0
555.9	0.24113780180622965	0.042161359956826766	0.0	0.9788	0.9788	0.98	1.0
556.4	0.24177168726293893	0.04286770140428677	0.0	0.9788	0.9788	0.98	1.0
556.9	0.24156002437538088	0.04215252647098244	0.0	0.9788	0.9788	0.98	1.0
557.5	0.24124087591240875	0.04258738449176376	0.0	0.9788	0.9788	0.98	1.0
558.0	0.24193939393939393	0.04292103330885789	0.0	0.9788	0.9788	0.98	1.0
558.6	0.24147092566873982	0.042379083227995475	0.0	0.9788	0.9788	0.98	1.0
559.1	0.24076310070031393	0.043065062803216585	0.0	0.9788	0.9788	0.98	1.0
559.6	0.2417767106842737	0.0433459069551982	0.0	0.9788	0.9788	0.98	1.0
560.2	0.24173788322476544	0.04281949934123847	0.0	0.9788	0.9788	0.98	1.0
560.7	0.24146138283946209	0.04330992847299692	0.0	0.9788	0.9788	0.98	1.0
561.3	0.24146110056925996	0.043239353699221564	0.0	0.9788	0.9788	0.98	1.0
561.8	0.24178486997635934	0.043041606886657105	0.0	0.9788	0.9788	0.98	1.0
562.3	0.24133466721591243	0.043551742069682785	0.0	0.9788	0.9788	0.98	1.0
562.9	0.24106985746964632	0.043438796680497924	0.0	0.9788	0.9788	0.98	1.0
563.4	0.24185449024874459	0.043559628291171916	0.0	0.9788	0.9788	0.98	1.0
563.9	0.2412988981519268	0.04420957659341367	0.0	0.9788	0.9788	0.98	1.0
564.5	0.24159749230858535	0.044365971107544144	0.0	0.9788	0.9788	0.98	1.0
565.0	0.2417486971627099	0.0439905231478517	0.0	0.9788	0.9788	0.98	1.0
565.6	0.2417398336414048	0.04401509820229032	0.0	0.9788	0.9788	0.98	1.0
566.1	0.24142107387969317	0.043328441069491415	0.0	0.9788	0.9788	0.98	1.0
566.6	0.2412899510509646	0.04407168824542382	0.0	0.9788	0.9788	0.98	1.0
567.2	0.241936411199908	0.04381049414161997	0.0	0.9788	0.9788	0.98	1.0
567.7	0.24165277857594392	0.044035177160336475	0.0	0.9788	0.9788	0.98	1.0
568.2	0.24144443172713745	0.044255642911488716	0.0	0.9788	0.9788	0.98	1.0
568.8	0.24171294440945784	0.044265210212117365	0.0	0.9788	0.9788	0.98	1.0
569.3	0.2415938802306331	0.044677888874825974	0.0	0.9788	0.9788	0.98	1.0
569.9	0.24156051864968298	0.04485270826734242	0.0	0.9788	0.9788	0.98	1.0
570.4	0.2413478012564249	0.04464172479391249	0.0	0.9788	0.9788	0.98	1.0
570.9	0.24111212397447584	0.04472136124992093	0.0	0.9788	0.9788	0.98	1.0
571.5	0.2417969860676713	0.04517311094263331	0.0	0.9788	0.9788	0.98	1.0
572.0	0.24094470307709775	0.0452540022690029	0.0	0.9788	0.9788	0.98	1.0
572.5	0.24132456339305966	0.04571500535230779	0.0	0.9788	0.9788	0.98	1.0
573.1	0.24175388967468175	0.045637415137037965	0.0	0.9788	0.9788	0.98	1.0
573.6	0.24139487642478274	0.04549442286000752	0.0	0.9788	0.9788	0.98	1.0
574.1	0.24185103867589935	0.04553426030314418	0.0	0.9788	0.9788	0.98	1.0
574.7	0.24183851210878238	0.04562761375694401	0.0	0.9788	0.9788	0.98	1.0
575.2	0.24156076806807367	0.04518297236743839	0.0	0.9788	0.9788	0.98	1.0
575.8	0.24167921057032948	0.045615341649599704	0.0	0.9788	0.9788	0.98	1.0
576.3	0.24177046263345195	0.045510835913312696	0.0	0.9788	0.9788	0.98	1.0
576.8	0.242078440062043	0.04622886063448957	0.0	0.9788	0.9788	0.98	1.0
577.4	0.24168967421314191	0.04697202582231786	0.0	0.9788	0.9788	0.98	1.0
577.9	0.24107388457941353	0.04647455548743103	0.0	0.9788	0.9788	0.98	1.0
578.4	0.24145474432595024	0.04637981472452462	0.0	0.9788	0.9788	0.98	1.0
579.0	0.24177918118466898	0.04652575315840622	0.0	0.9788	0.9788	0.98	1.0
579.5	0.24195296412701853	0.04653555219364599	0.0	0.9788	0.9788	0.98	1.0
580.1	0.24145379921153534	0.04660557096346316	0.0	0.9788	0.9788	0.98	1.0
580.6	0.2421690624329543	0.046195326542840025	0.0	0.9788	0.9788	0.98	1.0
581.1	0.241769987174006	0.047744091668656	0.0	0.9788	0.9788	0.98	1.0
581.7	0.24157004573981491	0.04708120318630365	0.0	0.9788	0.9788	0.98	1.0
582.2	0.24177857671566036	0.04712072839068227	0.0	0.9788	0.9788	0.98	1.0
582.7	0.2416539212066874	0.04707409155261916	0.0	0.9788	0.9788	0.98	1.0
583.3	0.2414155755376768	0.04751823100446954	0.0	0.9788	0.9788	0.98	1.0
583.8	0.24200722097221494	0.04792875139157438	0.0	0.9788	0.9788	0.98	1.0
584.3	0.2417530877064985	0.047024504084014006	0.0	0.9788	0.9788	0.98	1.0
584.9	0.24203523725378098	0.04807916181606519	0.0	0.9788	0.9788	0.98	1.0
585.4	0.2417548226509023	0.04819696881714186	0.0	0.9788	0.9788	0.98	1.0
586.0	0.24166236448115644	0.04817813765182186	0.0	0.9788	0.9788	0.98	1.0
586.5	0.24162420873861357	0.04849884526558892	0.0	0.9788	0.9788	0.98	1.0
587.0	0.24244442167810676	0.047753131823928284	0.0	0.9788	0.9788	0.98	1.0
587.6	0.24220108417715044	0.04794992534742162	0.0	0.9788	0.9788	0.98	1.0
588.1	0.24219706242350061	0.04826243773973779	0.0	0.9788	0.9788	0.98	1.0
588.6	0.24212457946783567	0.04896626768226333	0.0	0.9788	0.9788	0.98	1.0
589.2	0.24136527798972482	0.04854368932038835	0.0	0.9788	0.9788	0.98	1.0
589.7	0.24191172736045508	0.04836869723933379	0.0	0.9788	0.9788	0.98	1.0
590.2	0.24222278609489978	0.0490916339199271	0.0	0.9788	0.9788	0.98	1.0
590.8	0.24194859290866605	0.048838934215781366	0.0	0.9788	0.9788	0.98	1.0
591.3	0.24200681136583135	0.04870389402763504	0.0	0.9788	0.9788	0.98	1.0
591.9	0.2417090539165819	0.049040876912537106	0.0	0.9788	0.9788	0.98	1.0
592.4	0.24234550919557798	0.048869814020028615	0.0	0.9788	0.9788	0.98	1.0
592.9	0.2417857142857143	0.04910330602188735	0.0	0.9788	0.9788	0.98	1.0
593.5	0.24217471358428805	0.0485843909722621	0.0	0.9788	0.9788	0.98	1.0
594.0	0.24197353574725614	0.04889989632530815	0.0	0.9788	0.9788	0.98	1.0
594.5	0.24241645244215937	0.04965931400854602	0.0	0.9788	0.9788	0.98	1.0
595.1	0.24233192192502323	0.04940562481878805	0.0	0.9788	0.9788	0.98	1.0
595.6	0.2421538621154744	0.04987182474947564	0.0	0.9788	0.9788	0.98	1.0
596.1	0.2422130934428787	0.05012267788293025	0.0	0.9788	0.9788	0.98	1.0
596.7	0.24150884332446393	0.050459521161388514	0.0	0.9788	0.9788	0.98	1.0
597.2	0.24217687074829933	0.049679581398083365	0.0	0.9788	0.9788	0.98	1.0
597.7	0.24156212272321662	0.04987325355184814	0.0	0.9788	0.9788	0.98	1.0
598.3	0.24185654896595274	0.05080940564811533	0.0	0.9788	0.9788	0.98	1.0
598.8	0.24136111843840674	0.05075510808409831	0.0	0.9788	0.9788	0.98	1.0
599.3	0.24178503285986855	0.05081820886640881	0.0	0.9788	0.9788	0.98	1.0
599.9	0.24233390119250425	0.05065486513964476	0.0	0.9788	0.9788	0.98	1.0
600.4	0.24163330664531626	0.0509378558159046	0.0	0.9788	0.9788	0.98	1.0
601.0	0.24177411588465036	0.05071810588305991	0.0	0.9788	0.9788	0.98	1.0
601.5	0.24166755974707962	0.05039692085638682	0.0	0.9788	0.9788	0.98	1.0
602.0	0.24175706154011384	0.05114287437428382	0.0	0.9788	0.9788	0.98	1.0
602.6	0.24208096209599483	0.05075040684708577	0.0	0.9788	0.9788	0.98	1.0
603.1	0.2416237113402062	0.05112745689135415	0.0	0.9788	0.9788	0.98	1.0
603.6	0.2419250992595772	0.051033319274567696	0.0	0.9788	0.9788	0.98	1.0
604.2	0.24177419354838708	0.05144616870961898	0.0	0.9788	0.9788	0.98	1.0
604.7	0.24142550911039656	0.051877708233028404	0.0	0.9788	0.9788	0.98	1.0
605.2	0.2418836387013822	0.05184026942506615	0.0	0.9788	0.9788	0.98	1.0
605.8	0.24164483182717503	0.052100840336134456	0.0	0.9788	0.9788	0.98	1.0
606.3	0.2420249653259362	0.05218068535825545	0.0	0.9788	0.9788	0.98	1.0
606.8	0.24229990408185015	0.05239520958083832	0.0	0.9788	0.9788	0.98	1.0
607.4	0.24229892370499972	0.05196043379811703	0.0	0.9788	0.9788	0.98	1.0
607.9	0.2424418604651163	0.05254408359555899	0.0	0.9788	0.9788	0.98	1.0
608.4	0.24171714511456413	0.052086416099437705	0.0	0.9788	0.9788	0.98	1.0
609.0	0.24127250774318862	0.05259433962264151	0.0	0.9788	0.9788	0.98	1.0
609.5	0.24209755076407788	0.051817433243147866	0.0	0.9788	0.9788	0.98	1.0
610.0	0.2419615404658919	0.05240635441702327	0.0	0.9788	0.9788	0.98	1.0
610.6	0.24161945844810562	0.05282533746274762	0.0	0.9788	0.9788	0.98	1.0
611.1	0.24223152887648003	0.052714169475764266	0.0	0.9788	0.9788	0.98	1.0
611.6	0.2424086728664646	0.054163298302344384	0.0	0.9788	0.9788	0.98	1.0
612.2	0.2423761768317642	0.05318231472431438	0.0	0.9788	0.9788	0.98	1.0
612.7	0.2421739573773835	0.0530871983030442	0.0	0.9788	0.9788	0.98	1.0
613.2	0.24206791687785098	0.05360906967469948	0.0	0.9788	0.9788	0.98	1.0
613.8	0.24182743162242482	0.05378779300192504	0.0	0.9788	0.9788	0.98	1.0
614.3	0.2414086764853221	0.0535653937140926	0.0	0.9788	0.9788	0.98	1.0
614.8	0.24164960806830096	0.05398269857319402	0.0	0.9788	0.9788	0.98	1.0
615.4	0.24191711640342625	0.053990871646443284	0.0	0.9788	0.9788	0.98	1.0
615.9	0.24181335431212508	0.05365341003374081	0.0	0.9788	0.9788	0.98	1.0
616.4	0.24241387735157585	0.05393962720624622	0.0	0.9788	0.9788	0.98	1.0
617.0	0.2425655976676385	0.053356658648589544	0.0	0.9788	0.9788	0.98	1.0
617.5	0.24269543343653252	0.05489299134128411	0.0	0.9788	0.9788	0.98	1.0
618.0	0.24221187539000624	0.05375472717450027	0.0	0.9788	0.9788	0.98	1.0
618.6	0.2423954372623574	0.05467956598428564	0.0	0.9788	0.9788	0.98	1.0
619.1	0.2418966737438075	0.0543351374296933	0.0	0.9788	0.9788	0.98	1.0
619.6	0.2423502909705275	0.05461652229030214	0.0	0.9788	0.9788	0.98	1.0
620.2	0.2424777117384844	0.05415011499059168	0.0	0.9788	0.9788	0.98	1.0
620.7	0.24249263080324246	0.05448983824139361	0.0	0.9788	0.9788	0.98	1.0
621.2	0.2420614976926943	0.05497839950627443	0.0	0.9788	0.9788	0.98	1.0
621.8	0.24258662186095092	0.05452685421994885	0.0	0.9788	0.9788	0.98	1.0
622.3	0.24298601714027965	0.054982468621373036	0.0	0.9788	0.9788	0.98	1.0
622.8	0.24206047032474803	0.054928441846401936	0.0	0.9788	0.9788	0.98	1.0
623.4	0.2417866535906923	0.055003512998092946	0.0	0.9788	0.9788	0.98	1.0
623.9	0.24257623507479248	0.05584973523828554	0.0	0.9788	0.9788	0.98	1.0
624.4	0.24282872928176796	0.055386912167205773	0.0	0.9788	0.9788	0.98	1.0
625.0	0.24245362005904905	0.054874720912924835	0.0	0.9788	0.9788	0.98	1.0
625.5	0.2422174276782176	0.05550319924606914	0.0	0.9788	0.9788	0.98	1.0
626.0	0.24237362637362636	0.05568479928723457	0.0	0.9788	0.9788	0.98	1.0
626.6	0.24270353302611367	0.05611262040009879	0.0	0.9788	0.9788	0.98	1.0
627.1	0.24249615469127664	0.055833292085333865	0.0	0.9788	0.9788	0.98	1.0
627.6	0.2427781192378611	0.05537684960657198	0.0	0.9788	0.9788	0.98	1.0
628.2	0.2428740831832755	0.056116389548693586	0.0	0.9788	0.9788	0.98	1.0
628.7	0.24211958907717973	0.05594820343004003	0.0	0.9788	0.9788	0.98	1.0
629.2	0.2425986119652113	0.05605580843063527	0.0	0.9788	0.9788	0.98	1.0
629.8	0.24285525562552293	0.05604602717984327	0.0	0.9788	0.9788	0.98	1.0
630.3	0.24272016260881094	0.05642071744862928	0.0	0.9788	0.9788	0.98	1.0
630.8	0.24284133657888912	0.05637523676602532	0.0	0.9788	0.9788	0.98	1.0
631.4	0.24296572876383518	0.05639587298407293	0.0	0.9788	0.9788	0.98	1.0
631.9	0.24295475860836943	0.0564499899376132	0.0	0.9788	0.9788	0.98	1.0
632.4	0.2429961002286073	0.056431241790441546	0.0	0.9788	0.9788	0.98	1.0
632.9	0.24286680189317106	0.05697455948814299	0.0	0.9788	0.9788	0.98	1.0
633.5	0.24259846084200995	0.05730892775200122	0.0	0.9788	0.9788	0.98	1.0
634.0	0.24222585924713586	0.05702293202293202	0.0	0.9788	0.9788	0.98	1.0
634.5	0.24239369501466276	0.05726826749289956	0.0	0.9788	0.9788	0.98	1.0
635.1	0.24256356029607834	0.057596770854895465	0.0	0.9788	0.9788	0.98	1.0
635.6	0.24272739846019087	0.05783107511810206	0.0	0.9788	0.9788	0.98	1.0
636.1	0.2425928501877869	0.05761402776328149	0.0	0.9788	0.9788	0.98	1.0
636.7	0.24229116053074193	0.057690283187703965	0.0	0.9788	0.9788	0.98	1.0
637.2	0.2425422138836773	0.05820832452989647	0.0	0.9788	0.9788	0.98	1.0
637.7	0.2424399434762129	0.05817101003131469	0.0	0.9788	0.9788	0.98	1.0
638.3	0.24260774944410277	0.058347098630574946	0.0	0.9788	0.9788	0.98	1.0
638.8	0.24210576374357998	0.058653382612887675	0.0	0.9788	0.9788	0.98	1.0
639.3	0.2420485432263602	0.058479218129094616	0.0	0.9788	0.9788	0.98	1.0
639.8	0.24223542944785276	0.05889656661628158	0.0	0.9788	0.9788	0.98	1.0
640.4	0.2427445704401307	0.05908155529080472	0.0	0.9788	0.9788	0.98	1.0
640.9	0.2425659067906887	0.058922558922558925	0.0	0.9788	0.9788	0.98	1.0
641.4	0.24272406969448332	0.05901532442125856	0.0	0.9788	0.9788	0.98	1.0
642.0	0.2421893921046258	0.058730418645270455	0.0	0.9788	0.9788	0.98	1.0
642.5	0.24214462629304065	0.05930626983258562	0.0	0.9788	0.9788	0.98	1.0
643.0	0.2425023088514072	0.05950295598861397	0.0	0.9788	0.9788	0.98	1.0
643.6	0.24232696142808502	0.05965566399824542	0.0	0.9788	0.9788	0.98	1.0
644.1	0.24241391067166723	0.05960810143257039	0.0	0.9788	0.9788	0.98	1.0
644.6	0.24272222763119464	0.05928160131615026	0.0	0.9788	0.9788	0.98	1.0
645.1	0.24279996094894074	0.059752407152682256	0.0	0.9788	0.9788	0.98	1.0
645.7	0.2424788238730406	0.060117382480390544	0.0	0.9788	0.9788	0.98	1.0
646.2	0.24260297343407264	0.060078051998021215	0.0	0.9788	0.9788	0.98	1.0
646.7	0.24279454722492697	0.060978284711559555	0.0	0.9788	0.9788	0.98	1.0
647.3	0.24261449360003892	0.06070252469813392	0.0	0.9788	0.9788	0.98	1.0
647.8	0.24252281996504177	0.06037549947999343	0.0	0.9788	0.9788	0.98	1.0
648.3	0.24269771955361474	0.06109377566102808	0.0	0.9788	0.9788	0.98	1.0
648.9	0.24260612807977153	0.06123785612924353	0.0	0.9788	0.9788	0.98	1.0
649.4	0.24233054736943813	0.060416212682501635	0.0	0.9788	0.9788	0.98	1.0
649.9	0.2427620150550087	0.06088139281828074	0.0	0.9788	0.9788	0.98	1.0
650.4	0.24241404183698004	0.061086095589431996	0.0	0.9788	0.9788	0.98	1.0
651.0	0.24279894560268392	0.06101383484651967	0.0	0.9788	0.9788	0.98	1.0
651.5	0.24312957032930269	0.06136424912375303	0.0	0.9788	0.9788	0.98	1.0
652.0	0.24311708107078212	0.06176755187614235	0.0	0.9788	0.9788	0.98	1.0
652.6	0.24290998766954378	0.0612354137672626	0.0	0.9788	0.9788	0.98	1.0
653.1	0.24255459960291198	0.061453109996799316	0.0	0.9788	0.9788	0.98	1.0
653.6	0.24231439197777882	0.06156706507304117	0.0	0.9788	0.9788	0.98	1.0
654.1	0.24223894637817497	0.06183980041403472	0.0	0.9788	0.9788	0.98	1.0
654.7	0.24296136937611074	0.06211705049651384	0.0	0.9788	0.9788	0.98	1.0
655.2	0.24285913983504961	0.062158182583087924	0.0	0.9788	0.9788	0.98	1.0
655.7	0.2428578064755888	0.0625	0.0	0.9788	0.9788	0.98	1.0
656.3	0.24248459863819538	0.06251961912734122	0.0	0.9788	0.9788	0.98	1.0
656.8	0.2426504469634135	0.0628381190178943	0.0	0.9788	0.9788	0.98	1.0
657.3	0.24295758466982215	0.06286663551887037	0.0	0.9788	0.9788	0.98	1.0
657.8	0.24268778321966403	0.06228337902850344	0.0	0.9788	0.9788	0.98	1.0
658.4	0.2425415622864951	0.06240675001286207	0.0	0.9788	0.9788	0.98	1.0
658.9	0.24281048716320422	0.06272741249423461	0.0	0.9788	0.9788	0.98	1.0
659.4	0.24205035155364027	0.06316598360655738	0.0	0.9788	0.9788	0.98	1.0
659.9	0.24270221418888388	0.06288312219043728	0.0	0.9788	0.9788	0.98	1.0
660.5	0.24271669522864617	0.06297768266585142	0.0	0.9788	0.9788	0.98	1.0
661.0	0.2432566307920926	0.06308553971486762	0.0	0.9788	0.9788	0.98	1.0
661.5	0.24313267095265925	0.06326281529698942	0.0	0.9788	0.9788	0.98	1.0
662.1	0.24314499842929588	0.06396469514050929	0.0	0.9788	0.9788	0.98	1.0
662.6	0.24286674132138858	0.06347839302902883	0.0	0.9788	0.9788	0.98	1.0
663.1	0.24294341310668754	0.06376518218623482	0.0	0.9788	0.9788	0.98	1.0
663.6	0.24293053383962473	0.06410062130625853	0.0	0.9788	0.9788	0.98	1.0
664.2	0.2430428373609684	0.06377602587426723	0.0	0.9788	0.9788	0.98	1.0
664.7	0.24281634838479385	0.06419379258137775	0.0	0.9788	0.9788	0.98	1.0
665.2	0.2426496792587313	0.06433749496576721	0.0	0.9788	0.9788	0.98	1.0
665.7	0.24237424188369605	0.06451287228672388	0.0	0.9788	0.9788	0.98	1.0
666.3	0.2429272646140116	0.06425865117453902	0.0	0.9788	0.9788	0.98	1.0
666.8	0.24308503507752804	0.06490944045330366	0.0	0.9788	0.9788	0.98	1.0
667.3	0.2425244714611362	0.06448347421167182	0.0	0.9788	0.9788	0.98	1.0
667.8	0.24307293528780838	0.06506572295247726	0.0	0.9788	0.9788	0.98	1.0
668.4	0.24272670307045027	0.0655015197568389	0.0	0.9788	0.9788	0.98	1.0
668.9	0.24257891202149093	0.06543003395671786	0.0	0.9788	0.9788	0.98	1.0
669.4	0.24303717988967125	0.06530467042740255	0.0	0.9788	0.9788	0.98	1.0
669.9	0.2433538752192884	0.06519303249465214	0.0	0.9788	0.9788	0.98	1.0
670.5	0.24281725659731604	0.06603436846667686	0.0	0.9788	0.9788	0.98	1.0
671.0	0.24312877354239884	0.06587346167594342	0.0	0.9788	0.9788	0.98	1.0
671.5	0.2426032834205304	0.06603002757634563	0.0	0.9788	0.9788	0.98	1.0
672.0	0.24279444369033076	0.06591095609355765	0.0	0.9788	0.9788	0.98	1.0
672.6	0.24316357534805677	0.06596740192297805	0.0	0.9788	0.9788	0.98	1.0
673.1	0.2431415226953249	0.06648498560263266	0.0	0.9788	0.9788	0.98	1.0
673.6	0.24299532264656465	0.06605863863554387	0.0	0.9788	0.9788	0.98	1.0
674.1	0.2427895550905286	0.0659817233723992	0.0	0.9788	0.9788	0.98	1.0
674.7	0.2431311796600902	0.06670111082407647	0.0	0.9788	0.9788	0.98	1.0
675.2	0.24318150669285943	0.0661688446380419	0.0	0.9788	0.9788	0.98	1.0
675.7	0.24291257703720612	0.06671846671846672	0.0	0.9788	0.9788	0.98	1.0
676.2	0.2425200458190149	0.0671866874674987	0.0	0.9788	0.9788	0.98	1.0
676.8	0.2430921504834349	0.06715252472670484	0.0	0.9788	0.9788	0.98	1.0
677.3	0.24252033641251897	0.06716768435885392	0.0	0.9788	0.9788	0.98	1.0
677.8	0.24265415919437164	0.06799310668964437	0.0	0.9788	0.9788	0.98	1.0
678.3	0.24300747715314316	0.0674116042387997	0.0	0.9788	0.9788	0.98	1.0
678.9	0.24306839186691312	0.06724762454722033	0.0	0.9788	0.9788	0.98	1.0
679.4	0.2427526164675373	0.06780641767490794	0.0	0.9788	0.9788	0.98	1.0
679.9	0.2423638470451912	0.06755831709757254	0.0	0.9788	0.9788	0.98	1.0
680.4	0.24299456294437474	0.0675861340097231	0.0	0.9788	0.9788	0.98	1.0
681.0	0.24281060958585388	0.06835978835978836	0.0	0.9788	0.9788	0.98	1.0
681.5	0.24265323257766583	0.06805282978836259	0.0	0.9788	0.9788	0.98	1.0
682.0	0.24302341887533305	0.06845380564863571	0.0	0.9788	0.9788	0.98	1.0
682.5	0.2424738219895288	0.06879685257057791	0.0	0.9788	0.9788	0.98	1.0
683.1	0.24288389513108613	0.06861857865318073	0.0	0.9788	0.9788	0.98	1.0
683.6	0.24242566583681713	0.06853998611036914	0.0	0.9788	0.9788	0.98	1.0
684.1	0.24229612927470875	0.0686080683943361	0.0	0.9788	0.9788	0.98	1.0
684.6	0.24238572706303252	0.06850929348117199	0.0	0.9788	0.9788	0.98	1.0
685.1	0.24309574217831098	0.06872392769280138	0.0	0.9788	0.9788	0.98	1.0
685.7	0.24263284454712622	0.06868264436223259	0.0	0.9788	0.9788	0.98	1.0
686.2	0.24287396937573616	0.06916318439944284	0.0	0.9788	0.9788	0.98	1.0
686.7	0.2429474478724408	0.06870474658085278	0.0	0.9788	0.9788	0.98	1.0
687.2	0.24235849056603773	0.06973627787307032	0.0	0.9788	0.9788	0.98	1.0
687.8	0.2424070662698975	0.06965120653517494	0.0	0.9788	0.9788	0.98	1.0
688.3	0.2427289896128423	0.07011426425620942	0.0	0.9788	0.9788	0.98	1.0
688.8	0.24290578887627695	0.06986124556308487	0.0	0.9788	0.9788	0.98	1.0
689.3	0.24278686973796235	0.06935856766492822	0.0	0.9788	0.9788	0.98	1.0
689.8	0.24266931517215284	0.06992743886052137	0.0	0.9788	0.9788	0.98	1.0
690.4	0.24311275205907412	0.07072881903326515	0.0	0.9788	0.9788	0.98	1.0
690.9	0.24253890176417728	0.07022351171287342	0.0	0.9788	0.9788	0.98	1.0
691.4	0.24256724870221802	0.07061344762925262	0.0	0.9788	0.9788	0.98	1.0
691.9	0.24253466471061474	0.07054835064306086	0.0	0.9788	0.9788	0.98	1.0
692.4	0.24244712990936557	0.07054342578187865	0.0	0.9788	0.9788	0.98	1.0
693.0	0.2426560876546708	0.07009069929694628	0.0	0.9788	0.9788	0.98	1.0
693.5	0.24213063616598923	0.07066530634162058	0.0	0.9788	0.9788	0.98	1.0
694.0	0.24262310561352154	0.071210252560459	0.0	0.9788	0.9788	0.98	1.0
694.5	0.24250578293914932	0.07165826991103012	0.0	0.9788	0.9788	0.98	1.0
695.1	0.2425828970331588	0.07099576384792751	0.0	0.9788	0.9788	0.98	1.0
695.6	0.24241423245717522	0.07084629411133755	0.0	0.9788	0.9788	0.98	1.0
696.1	0.24293465439962256	0.07149364917734069	0.0	0.9788	0.9788	0.98	1.0
696.6	0.2421355468565769	0.07140176896274457	0.0	0.9788	0.9788	0.98	1.0
697.1	0.24244424536753265	0.07165442949782946	0.0	0.9788	0.9788	0.98	1.0
697.7	0.24241995567501295	0.07170418006430868	0.0	0.9788	0.9788	0.98	1.0
698.2	0.24209681985467585	0.07175032175032175	0.0	0.9788	0.9788	0.98	1.0
698.7	0.2424056603773585	0.07187650747708635	0.0	0.9788	0.9788	0.98	1.0
699.2	0.24225418533364773	0.07163154790627849	0.0	0.9788	0.9788	0.98	1.0
699.7	0.2426799943420246	0.07213290460878885	0.0	0.9788	0.9788	0.98	1.0
700.3	0.24243284146802876	0.0728679671126874	0.0	0.9788	0.9788	0.98	1.0
700.8	0.24251454519653753	0.07219323255688848	0.0	0.9788	0.9788	0.98	1.0
701.3	0.24279210925644917	0.07226119805720453	0.0	0.9788	0.9788	0.98	1.0
701.8	0.24212224753227032	0.07295095235525818	0.0	0.9788	0.9788	0.98	1.0
702.3	0.24254369300911854	0.0733682448847379	0.0	0.9788	0.9788	0.98	1.0
702.8	0.24286801065043742	0.07258369841527394	0.0	0.9788	0.9788	0.98	1.0
703.4	0.24248468442798118	0.07301793043853964	0.0	0.9788	0.9788	0.98	1.0
703.9	0.24211480650856515	0.07261478345815696	0.0	0.9788	0.9788	0.98	1.0
704.4	0.24233716475095785	0.07354142833796372	0.0	0.9788	0.9788	0.98	1.0
704.9	0.24263614157766178	0.07312684044061511	0.0	0.9788	0.9788	0.98	1.0
705.4	0.24270353302611367	0.07351174221736756	0.0	0.9788	0.9788	0.98	1.0
706.0	0.2427048666377273	0.0739276102597902	0.0	0.9788	0.9788	0.98	1.0
706.5	0.24247402754288475	0.07391088836261497	0.0	0.9788	0.9788	0.98	1.0
707.0	0.24243890636341642	0.07356182499448975	0.0	0.9788	0.9788	0.98	1.0
707.5	0.2424022102661044	0.07385516212782411	0.0	0.9788	0.9788	0.98	1.0
708.0	0.24269815813772658	0.074404432132964	0.0	0.9788	0.9788	0.98	1.0
708.5	0.24192684233597975	0.07420789327404113	0.0	0.9788	0.9788	0.98	1.0
709.1	0.24219475252846046	0.0742433532133103	0.0	0.9788	0.9788	0.98	1.0
709.6	0.24262150653418824	0.07460352914898369	0.0	0.9788	0.9788	0.98	1.0
710.1	0.24233942251031232	0.07487651549169286	0.0	0.9788	0.9788	0.98	1.0
710.6	0.24222593977563472	0.07462014631401238	0.0	0.9788	0.9788	0.98	1.0
711.1	0.24186299204820466	0.07464796697392977	0.0	0.9788	0.9788	0.98	1.0
711.7	0.2420823436262866	0.07529078014184397	0.0	0.9788	0.9788	0.98	1.0
712.2	0.24228877961555656	0.07438676554478038	0.0	0.9788	0.9788	0.98	1.0
712.7	0.24235645041014167	0.07527004629365033	0.0	0.9788	0.9788	0.98	1.0
713.2	0.24199820520490578	0.07559308403699236	0.0	0.9788	0.9788	0.98	1.0
713.7	0.24225028702640644	0.07571651000519002	0.0	0.9788	0.9788	0.98	1.0
714.2	0.24235152969406118	0.07574793125397836	0.0	0.9788	0.9788	0.98	1.0
714.8	0.24258490471665084	0.07542564936951596	0.0	0.9788	0.9788	0.98	1.0
715.3	0.24231193028147852	0.07585482553390127	0.0	0.9788	0.9788	0.98	1.0
715.8	0.24228588630776177	0.07613915895513647	0.0	0.9788	0.9788	0.98	1.0
716.3	0.2419889502762431	0.07615796598199047	0.0	0.9788	0.9788	0.98	1.0
716.8	0.2419087761553515	0.07657445556209536	0.0	0.9788	0.9788	0.98	1.0
717.3	0.24168213981030762	0.07652820391786641	0.0	0.9788	0.9788	0.98	1.0
717.8	0.24252174350208638	0.07622945957169129	0.0	0.9788	0.9788	0.98	1.0
718.4	0.24260860820595334	0.07663973384030419	0.0	0.9788	0.9788	0.98	1.0
718.9	0.24223540054276813	0.07652970208717369	0.0	0.9788	0.9788	0.98	1.0
719.4	0.24255660993121453	0.07632268827454719	0.0	0.9788	0.9788	0.98	1.0
719.9	0.24159589970353249	0.07708345743730267	0.0	0.9788	0.9788	0.98	1.0
720.4	0.24261454983922828	0.07739974974676757	0.0	0.9788	0.9788	0.98	1.0
720.9	0.2420730483644391	0.07750877401701267	0.0	0.9788	0.9788	0.98	1.0
721.4	0.2422600230819409	0.07692765704078595	0.0	0.9788	0.9788	0.98	1.0
722.0	0.2431877379282709	0.07747190677210297	0.0	0.9788	0.9788	0.98	1.0
722.5	0.241769805080924	0.07794981313400962	0.0	0.9788	0.9788	0.98	1.0
723.0	0.24153114836127096	0.0773689814267124	0.0	0.9788	0.9788	0.98	1.0
723.5	0.2418774367689693	0.07783158143380182	0.0	0.9788	0.9788	0.98	1.0
724.0	0.24176811015765318	0.07782032400589102	0.0	0.9788	0.9788	0.98	1.0
724.5	0.24181309904153356	0.07745276911305986	0.0	0.9788	0.9788	0.98	1.0
725.0	0.24206961804691002	0.0778748607283176	0.0	0.9788	0.9788	0.98	1.0
725.6	0.24181673465326833	0.0784428337619827	0.0	0.9788	0.9788	0.98	1.0
726.1	0.24150268336314848	0.0782725259354237	0.0	0.9788	0.9788	0.98	1.0
726.6	0.24222675488781653	0.07873097334810754	0.0	0.9788	0.9788	0.98	1.0
727.1	0.24216226958811546	0.07817684382094417	0.0	0.9788	0.9788	0.98	1.0
727.6	0.24172004568250657	0.07841998257333721	0.0	0.9788	0.9788	0.98	1.0
728.1	0.24192828448147596	0.07857225634488353	0.0	0.9788	0.9788	0.98	1.0
728.6	0.2416307097158161	0.0787479025632124	0.0	0.9788	0.9788	0.98	1.0
729.1	0.24153990982510032	0.07878648056292537	0.0	0.9788	0.9788	0.98	1.0
729.7	0.24209691804578337	0.07918395573997233	0.0	0.9788	0.9788	0.98	1.0
730.2	0.24135539482809867	0.07888070013818517	0.0	0.9788	0.9788	0.98	1.0
730.7	0.24138785625774473	0.07838848920863309	0.0	0.9788	0.9788	0.98	1.0
731.2	0.2418284469096672	0.07951281167413536	0.0	0.9788	0.9788	0.98	1.0
731.7	0.24193947798524096	0.07916188289322618	0.0	0.9788	0.9788	0.98	1.0
732.2	0.24209745238684147	0.07945503463277806	0.0	0.9788	0.9788	0.98	1.0
732.7	0.24176694894270293	0.07972965232831204	0.0	0.9788	0.9788	0.98	1.0
733.2	0.2415774871185097	0.0801487414187643	0.0	0.9788	0.9788	0.98	1.0
733.8	0.24172775906479096	0.08025186033199772	0.0	0.9788	0.9788	0.98	1.0
734.3	0.24162667590164746	0.07993381639755805	0.0	0.9788	0.9788	0.98	1.0
734.8	0.2418152190015308	0.08039829302987198	0.0	0.9788	0.9788	0.98	1.0
735.3	0.2413623145546848	0.0804923705258381	0.0	0.9788	0.9788	0.98	1.0
735.8	0.24134369466850286	0.07993206906311916	0.0	0.9788	0.9788	0.98	1.0
736.3	0.24116781157998038	0.08000225835591689	0.0	0.9788	0.9788	0.98	1.0
736.8	0.24195680916703394	0.08006756756756757	0.0	0.9788	0.9788	0.98	1.0
737.3	0.24110285490809544	0.08020429926474715	0.0	0.9788	0.9788	0.98	1.0
737.8	0.24212377277389732	0.08117957055558671	0.0	0.9788	0.9788	0.98	1.0
738.4	0.2415609756097561	0.08093132590809873	0.0	0.9788	0.9788	0.98	1.0
738.9	0.24212013445705655	0.08057666517657577	0.0	0.9788	0.9788	0.98	1.0
739.4	0.24199357539180374	0.08085771722135358	0.0	0.9788	0.9788	0.98	1.0
739.9	0.24185933317108785	0.08094839609483961	0.0	0.9788	0.9788	0.98	1.0
740.4	0.2417811877822561	0.08101195440644982	0.0	0.9788	0.9788	0.98	1.0
740.9	0.241354151466511	0.08138499220663549	0.0	0.9788	0.9788	0.98	1.0
741.4	0.24161726115268733	0.08110511979543054	0.0	0.9788	0.9788	0.98	1.0
741.9	0.24133404638047548	0.08204102051025512	0.0	0.9788	0.9788	0.98	1.0
742.4	0.24179670409800205	0.08169280391502613	0.0	0.9788	0.9788	0.98	1.0
742.9	0.24117132016733145	0.08208291652773146	0.0	0.9788	0.9788	0.98	1.0
743.4	0.2416012482324833	0.08158716005349978	0.0	0.9788	0.9788	0.98	1.0
744.0	0.24134394686721689	0.08150295462147397	0.0	0.9788	0.9788	0.98	1.0
744.5	0.24154778190345905	0.0823155429145056	0.0	0.9788	0.9788	0.98	1.0
745.0	0.2418691222570533	0.08202950379973178	0.0	0.9788	0.9788	0.98	1.0
745.5	0.24177010253642742	0.08209748726845374	0.0	0.9788	0.9788	0.98	1.0
746.0	0.24169451543149204	0.08199383926071128	0.0	0.9788	0.9788	0.98	1.0
746.5	0.24163185057753747	0.0822554454336749	0.0	0.9788	0.9788	0.98	1.0
747.0	0.24210630018225704	0.08257138049026758	0.0	0.9788	0.9788	0.98	1.0
747.5	0.24184232610949302	0.08315529067806139	0.0	0.9788	0.9788	0.98	1.0
748.0	0.24171809429770427	0.082874480278683	0.0	0.9788	0.9788	0.98	1.0
748.5	0.24168273271046517	0.08297704770477048	0.0	0.9788	0.9788	0.98	1.0
749.0	0.2416323697128973	0.083248730964467	0.0	0.9788	0.9788	0.98	1.0
749.5	0.24185768982149072	0.08338990721882779	0.0	0.9788	0.9788	0.98	1.0
750.0	0.24135012694777716	0.0838330127842516	0.0	0.9788	0.9788	0.98	1.0
750.5	0.24094456674004402	0.08394430235862461	0.0	0.9788	0.9788	0.98	1.0
751.1	0.24163531477301228	0.08380365999657945	0.0	0.9788	0.9788	0.98	1.0
751.6	0.24166373283709702	0.08411428571428571	0.0	0.9788	0.9788	0.98	1.0
752.1	0.24190130184680594	0.08446585239979357	0.0	0.9788	0.9788	0.98	1.0
752.6	0.2415292808738748	0.08427095292766934	0.0	0.9788	0.9788	0.98	1.0
753.1	0.2413094152224587	0.0843491260349586	0.0	0.9788	0.9788	0.98	1.0
753.6	0.2414651493598862	0.0847457627118644	0.0	0.9788	0.9788	0.98	1.0
754.1	0.24114739899118562	0.08438745451394905	0.0	0.9788	0.9788	0.98	1.0
754.6	0.2413634269921695	0.08416042718672007	0.0	0.9788	0.9788	0.98	1.0
755.1	0.24194045174537987	0.08440954043048284	0.0	0.9788	0.9788	0.98	1.0
755.6	0.24136686939490773	0.085205719288007	0.0	0.9788	0.9788	0.98	1.0
756.1	0.24168950007754744	0.085025454971034	0.0	0.9788	0.9788	0.98	1.0
756.6	0.24211237590311346	0.08485347769801106	0.0	0.9788	0.9788	0.98	1.0
757.1	0.24159849945292555	0.08512645168897011	0.0	0.9788	0.9788	0.98	1.0
757.6	0.24141356056249674	0.08500443655723158	0.0	0.9788	0.9788	0.98	1.0
758.1	0.24163471135157852	0.08499643620812544	0.0	0.9788	0.9788	0.98	1.0
758.6	0.24166710686176113	0.08580818643561398	0.0	0.9788	0.9788	0.98	1.0
759.1	0.2411964361476453	0.08571086070486694	0.0	0.9788	0.9788	0.98	1.0
759.6	0.24163826161056667	0.08606483430564744	0.0	0.9788	0.9788	0.98	1.0
760.1	0.24139405601881547	0.08591957493056394	0.0	0.9788	0.9788	0.98	1.0
760.7	0.2413348379816218	0.08638902379796018	0.0	0.9788	0.9788	0.98	1.0
761.2	0.24222497709265348	0.08669956741607263	0.0	0.9788	0.9788	0.98	1.0
761.7	0.24150596877869604	0.08608584162647293	0.0	0.9788	0.9788	0.98	1.0
762.2	0.24156266956049918	0.08687128591557924	0.0	0.9788	0.9788	0.98	1.0
762.7	0.24175584188687485	0.08690821554225048	0.0	0.9788	0.9788	0.98	1.0
763.2	0.24172944644611857	0.08714946070878274	0.0	0.9788	0.9788	0.98	1.0
763.7	0.2411936033412101	0.08716165880307922	0.0	0.9788	0.9788	0.98	1.0
764.2	0.24163445610160134	0.08748519049697574	0.0	0.9788	0.9788	0.98	1.0
764.7	0.24180577893627642	0.08801802929760862	0.0	0.9788	0.9788	0.98	1.0
765.2	0.24165643486996316	0.08723310449077282	0.0	0.9788	0.9788	0.98	1.0
765.7	0.2411857174938244	0.08779714738510301	0.0	0.9788	0.9788	0.98	1.0
766.2	0.24135211267605633	0.08821848205779613	0.0	0.9788	0.9788	0.98	1.0
766.7	0.241643059490085	0.08775523266978173	0.0	0.9788	0.9788	0.98	1.0
767.2	0.24093707250341997	0.0881861421776578	0.0	0.9788	0.9788	0.98	1.0
767.7	0.2414406147846533	0.08839314581312642	0.0	0.9788	0.9788	0.98	1.0
768.2	0.24113720073664824	0.08780361085855305	0.0	0.9788	0.9788	0.98	1.0
768.7	0.24161073825503357	0.08816432996413433	0.0	0.9788	0.9788	0.98	1.0
769.2	0.24175056742128848	0.08867899776990686	0.0	0.9788	0.9788	0.98	1.0
769.7	0.24154871914843842	0.08843313109997362	0.0	0.9788	0.9788	0.98	1.0
770.2	0.24173953870532308	0.08906373975138852	0.0	0.9788	0.9788	0.98	1.0
770.7	0.24110927932171455	0.08877977572821975	0.0	0.9788	0.9788	0.98	1.0
771.2	0.24128543528437002	0.08986666666666666	0.0	0.9788	0.9788	0.98	1.0
771.7	0.24221761043581383	0.08945153316854833	0.0	0.9788	0.9788	0.98	1.0
772.2	0.24114319738017267	0.0889350579719858	0.0	0.9788	0.9788	0.98	1.0
772.7	0.24123304856920963	0.08956328645447817	0.0	0.9788	0.9788	0.98	1.0
773.2	0.2419045334612617	0.08901054339010543	0.0	0.9788	0.9788	0.98	1.0
773.7	0.2416385948026949	0.09035450416864367	0.0	0.9788	0.9788	0.98	1.0
774.2	0.2413855421686747	0.09018729641693811	0.0	0.9788	0.9788	0.98	1.0
774.7	0.2420185375901133	0.08976893190648218	0.0	0.9788	0.9788	0.98	1.0
775.2	0.24150943396226415	0.09024256543785117	0.0	0.9788	0.9788	0.98	1.0
775.7	0.24118614138707908	0.09016730663741086	0.0	0.9788	0.9788	0.98	1.0
776.2	0.24147414741474146	0.09087782058337919	0.0	0.9788	0.9788	0.98	1.0
776.7	0.24181406450823184	0.09038302562689446	0.0	0.9788	0.9788	0.98	1.0
777.2	0.24179598846838005	0.09089654220443094	0.0	0.9788	0.9788	0.98	1.0
777.7	0.24198214835333948	0.09102884082085413	0.0	0.9788	0.9788	0.98	1.0
778.2	0.24231386590937154	0.09118688797833183	0.0	0.9788	0.9788	0.98	1.0
778.7	0.2421020092735703	0.09143373661521347	0.0	0.9788	0.9788	0.98	1.0
779.2	0.2419884708361743	0.09153062648248919	0.0	0.9788	0.9788	0.98	1.0
779.7	0.2419535230520691	0.09181748305499267	0.0	0.9788	0.9788	0.98	1.0
780.2	0.2414650830172253	0.09169695275370422	0.0	0.9788	0.9788	0.98	1.0
780.7	0.24203503959099695	0.09230553412358841	0.0	0.9788	0.9788	0.98	1.0
781.2	0.24190118824265167	0.09207844239825684	0.0	0.9788	0.9788	0.98	1.0
781.7	0.24187884108867427	0.09242392148556097	0.0	0.9788	0.9788	0.98	1.0
782.2	0.24179890861193	0.09247903009797702	0.0	0.9788	0.9788	0.98	1.0
782.6	0.24196692447965792	0.09238169342859164	0.0	0.9788	0.9788	0.98	1.0
783.1	0.24173814328960647	0.09231423709585933	0.0	0.9788	0.9788	0.98	1.0
783.6	0.24196907541811297	0.0925072658963635	0.0	0.9788	0.9788	0.98	1.0
784.1	0.24171515304831773	0.09289423145316168	0.0	0.9788	0.9788	0.98	1.0
784.6	0.24183750949126803	0.09216983144868786	0.0	0.9788	0.9788	0.98	1.0
785.1	0.2417812123899411	0.09239866068248201	0.0	0.9788	0.9788	0.98	1.0
785.6	0.24209792867549249	0.09265721814685564	0.0	0.9788	0.9788	0.98	1.0
786.1	0.24159623816483447	0.09360942520528383	0.0	0.9788	0.9788	0.98	1.0
786.6	0.24193650995610408	0.09315303713243185	0.0	0.9788	0.9788	0.98	1.0
787.1	0.24220241884150223	0.09376341009869833	0.0	0.9788	0.9788	0.98	1.0
787.6	0.24243004982752012	0.09383301026635078	0.0	0.9788	0.9788	0.98	1.0
788.1	0.24169493695192984	0.09321911891736251	0.0	0.9788	0.9788	0.98	1.0
788.6	0.2415539457657542	0.09461405529953917	0.0	0.9788	0.9788	0.98	1.0
789.1	0.24147032316209605	0.09389671361502347	0.0	0.9788	0.9788	0.98	1.0
789.6	0.24179798501679153	0.09370010161126434	0.0	0.9788	0.9788	0.98	1.0
790.1	0.24210662525879917	0.09421343413783076	0.0	0.9788	0.9788	0.98	1.0
790.6	0.2422944649925378	0.09442905060522094	0.0	0.9788	0.9788	0.98	1.0
791.1	0.24185047823540895	0.09461628246279545	0.0	0.9788	0.9788	0.98	1.0
791.6	0.2411948865118706	0.09388502380080557	0.0	0.9788	0.9788	0.98	1.0
792.0	0.24165519050429538	0.09465930018416206	0.0	0.9788	0.9788	0.98	1.0
792.5	0.24244618524126127	0.09507614963773474	0.0	0.9788	0.9788	0.98	1.0
793.0	0.2422680412371134	0.09512502782518364	0.0	0.9788	0.9788	0.98	1.0
793.5	0.2427016985138004	0.09464897898345506	0.0	0.9788	0.9788	0.98	1.0
794.0	0.2423678084469571	0.09580659603044321	0.0	0.9788	0.9788	0.98	1.0
794.5	0.24222979747343093	0.09537745760168093	0.0	0.9788	0.9788	0.98	1.0
795.0	0.24182038508145953	0.09539274924471298	0.0	0.9788	0.9788	0.98	1.0
795.5	0.24180935688283672	0.09581064730792499	0.0	0.9788	0.9788	0.98	1.0
796.0	0.24264406779661016	0.09601766542298028	0.0	0.9788	0.9788	0.98	1.0
796.5	0.2425789760348584	0.09587471352177235	0.0	0.9788	0.9788	0.98	1.0
797.0	0.2418802247498972	0.09542483660130718	0.0	0.9788	0.9788	0.98	1.0
797.5	0.24199435300599131	0.09616573902288188	0.0	0.9788	0.9788	0.98	1.0
798.0	0.24236337189166723	0.09587123862841147	0.0	0.9788	0.9788	0.98	1.0
798.4	0.24244539046688535	0.09610267647519173	0.0	0.9788	0.9788	0.98	1.0
798.9	0.2419456727732154	0.09632196581869733	0.0	0.9788	0.9788	0.98	1.0
799.4	0.24201074660633484	0.09635210150674069	0.0	0.9788	0.9788	0.98	1.0
799.9	0.24243933679641358	0.09675101780154866	0.0	0.9788	0.9788	0.98	1.0
800.4	0.24212936462507156	0.09731247492980345	0.0	0.9788	0.9788	0.98	1.0
800.9	0.2425835253456221	0.09731652117685095	0.0	0.9788	0.9788	0.98	1.0
801.4	0.24229427159057865	0.09671622283940533	0.0	0.9788	0.9788	0.98	1.0
801.9	0.24245531790213887	0.09765528589058001	0.0	0.9788	0.9788	0.98	1.0
802.4	0.24322127816771333	0.09715894972252133	0.0	0.9788	0.9788	0.98	1.0
802.9	0.2422142750707793	0.09776699841097265	0.0	0.9788	0.9788	0.98	1.0
803.3	0.2415709243823684	0.09783615391092026	0.0	0.9788	0.9788	0.98	1.0
803.8	0.24291008091960978	0.09713024282560706	0.0	0.9788	0.9788	0.98	1.0
804.3	0.24220532319391636	0.09792715175296426	0.0	0.9788	0.9788	0.98	1.0
804.8	0.2412708157470647	0.09815580834195105	0.0	0.9788	0.9788	0.98	1.0
805.3	0.24246172877686717	0.09823983352120004	0.0	0.9788	0.9788	0.98	1.0
805.8	0.2416002500390686	0.09821272121955493	0.0	0.9788	0.9788	0.98	1.0
806.3	0.24182491529430306	0.09943482868244437	0.0	0.9788	0.9788	0.98	1.0
806.8	0.24200587161786877	0.09884238646482636	0.0	0.9788	0.9788	0.98	1.0
807.2	0.24307667680486633	0.10047589117356559	0.0	0.9788	0.9788	0.98	1.0
807.7	0.24231916780904766	0.09892297945515431	0.0	0.9788	0.9788	0.98	1.0
808.2	0.24248594933615705	0.09882181021097818	0.0	0.9788	0.9788	0.98	1.0
808.7	0.24200688637481554	0.09845417740154583	0.0	0.9788	0.9788	0.98	1.0
809.2	0.242829985949252	0.09851576994434137	0.0	0.9788	0.9788	0.98	1.0
809.7	0.24220443555110888	0.09864295741693964	0.0	0.9788	0.9788	0.98	1.0
810.2	0.24180809947907914	0.10010358790846596	0.0	0.9788	0.9788	0.98	1.0
810.7	0.24309439078122352	0.09989554648181559	0.0	0.9788	0.9788	0.98	1.0
811.1	0.24176857949200375	0.09958784625706892	0.0	0.9788	0.9788	0.98	1.0
811.6	0.2423484783170963	0.09957463263727764	0.0	0.9788	0.9788	0.98	1.0
812.1	0.24181075679902686	0.1005260081823495	0.0	0.9788	0.9788	0.98	1.0
812.6	0.2418747262374069	0.10053013940702926	0.0	0.9788	0.9788	0.98	1.0
813.1	0.2425659578222889	0.10073296354992076	0.0	0.9788	0.9788	0.98	1.0
813.6	0.2423703176439185	0.100868003591739	0.0	0.9788	0.9788	0.98	1.0
814.1	0.24206384691048913	0.1000100210441928	0.0	0.9788	0.9788	0.98	1.0
814.5	0.24242970439798125	0.100555275113579	0.0	0.9788	0.9788	0.98	1.0
815.0	0.2423527276027957	0.10175866626003863	0.0	0.9788	0.9788	0.98	1.0
815.5	0.2431293514107732	0.10186896693366194	0.0	0.9788	0.9788	0.98	1.0
816.0	0.24260845537441283	0.10182794588453992	0.0	0.9788	0.9788	0.98	1.0
816.5	0.24235097182181717	0.10166666666666667	0.0	0.9788	0.9788	0.98	1.0
817.0	0.24213777611381504	0.10169846928077166	0.0	0.9788	0.9788	0.98	1.0
817.4	0.24166823573714932	0.10122311261071278	0.0	0.9788	0.9788	0.98	1.0
817.9	0.24165718619643534	0.10174171622769754	0.0	0.9788	0.9788	0.98	1.0
818.4	0.242044911610129	0.10192719486081371	0.0	0.9788	0.9788	0.98	1.0
818.9	0.24333942483408674	0.10108965368432409	0.0	0.9788	0.9788	0.98	1.0
819.4	0.24231289885902146	0.10242529233434387	0.0	0.9788	0.9788	0.98	1.0
819.9	0.24206735448705471	0.10311750599520383	0.0	0.9788	0.9788	0.98	1.0
820.3	0.24266144814090018	0.1027382256297919	0.0	0.9788	0.9788	0.98	1.0
820.8	0.24162726556343578	0.10224136027382136	0.0	0.9788	0.9788	0.98	1.0
821.3	0.24192909487027134	0.10326869806094183	0.0	0.9788	0.9788	0.98	1.0
821.8	0.2418261562998405	0.10380198461366931	0.0	0.9788	0.9788	0.98	1.0
822.3	0.24279256654947262	0.10302213234468037	0.0	0.9788	0.9788	0.98	1.0
822.7	0.24215518111189588	0.10352223978324679	0.0	0.9788	0.9788	0.98	1.0
823.2	0.24158556366585562	0.1028344671201814	0.0	0.9788	0.9788	0.98	1.0
823.7	0.24203562340966922	0.10393162393162393	0.0	0.9788	0.9788	0.98	1.0
824.2	0.24252967662709782	0.10265811182401467	0.0	0.9788	0.9788	0.98	1.0
824.7	0.24317924431174714	0.10377358490566038	0.0	0.9788	0.9788	0.98	1.0
825.2	0.2426721905748317	0.10407501736513082	0.0	0.9788	0.9788	0.98	1.0
825.6	0.24315603205995628	0.10389005357558817	0.0	0.9788	0.9788	0.98	1.0
826.1	0.24324607329842932	0.10498595505617977	0.0	0.9788	0.9788	0.98	1.0
826.6	0.2427327106726834	0.10531264692054537	0.0	0.9788	0.9788	0.98	1.0
827.1	0.24252667159607055	0.10355834022934153	0.0	0.9788	0.9788	0.98	1.0
827.6	0.24191324636758935	0.10319060609654845	0.0	0.9788	0.9788	0.98	1.0
828.0	0.24326912844524848	0.10456816559600285	0.0	0.9788	0.9788	0.98	1.0
828.5	0.24236600469784325	0.10475509474436896	0.0	0.9788	0.9788	0.98	1.0
829.0	0.24246648793565684	0.10531366198872497	0.0	0.9788	0.9788	0.98	1.0
829.5	0.24246339362618433	0.10563041385948027	0.0	0.9788	0.9788	0.98	1.0
829.9	0.2417261518494484	0.10587382160986222	0.0	0.9788	0.9788	0.98	1.0
830.4	0.24261190786614514	0.10599805730937348	0.0	0.9788	0.9788	0.98	1.0
830.9	0.24254342838413634	0.10537240537240537	0.0	0.9788	0.9788	0.98	1.0
831.4	0.24195666447800393	0.10525027536409252	0.0	0.9788	0.9788	0.98	1.0
831.9	0.24301737409280844	0.10515970515970516	0.0	0.9788	0.9788	0.98	1.0
832.3	0.24148983200707339	0.10556242274412855	0.0	0.9788	0.9788	0.98	1.0
832.8	0.2425319267073848	0.1054590570719603	0.0	0.9788	0.9788	0.98	1.0
833.3	0.24182424916573972	0.10615288999378496	0.0	0.9788	0.9788	0.98	1.0
833.8	0.2417950435365037	0.10522369407648088	0.0	0.9788	0.9788	0.98	1.0
834.2	0.24249551971326164	0.10677669417354338	0.0	0.9788	0.9788	0.98	1.0
834.7	0.2428427079824857	0.10536206464545227	0.0	0.9788	0.9788	0.98	1.0
835.2	0.2414337240757439	0.10680100755667506	0.0	0.9788	0.9788	0.98	1.0
835.7	0.2424482407512162	0.1068991660348749	0.0	0.9788	0.9788	0.98	1.0
836.1	0.24226278199750595	0.10787541149658142	0.0	0.9788	0.9788	0.98	1.0
836.6	0.24394680004547004	0.10697023658102264	0.0	0.9788	0.9788	0.98	1.0
837.1	0.24271844660194175	0.10661905369213111	0.0	0.9788	0.9788	0.98	1.0
837.6	0.2425527039413382	0.1057285659361784	0.0	0.9788	0.9788	0.98	1.0
838.0	0.2430164386711116	0.10751445086705202	0.0	0.9788	0.9788	0.98	1.0
838.5	0.24243823597321634	0.10785705070313507	0.0	0.9788	0.9788	0.98	1.0
839.0	0.24250838829110263	0.1079229675584852	0.0	0.9788	0.9788	0.98	1.0
839.5	0.24325263523688173	0.10794350136063237	0.0	0.9788	0.9788	0.98	1.0
839.9	0.2433437972328799	0.10710112943009217	0.0	0.9788	0.9788	0.98	1.0
840.4	0.24184909175593852	0.10871261378413524	0.0	0.9788	0.9788	0.98	1.0
840.9	0.2429338939500117	0.10880626223091977	0.0	0.9788	0.9788	0.98	1.0
841.4	0.24331613508442776	0.10755088640840446	0.0	0.9788	0.9788	0.98	1.0
841.8	0.24217831098565043	0.10816834928543333	0.0	0.9788	0.9788	0.98	1.0
842.3	0.24192026421325785	0.10771661838293389	0.0	0.9788	0.9788	0.98	1.0
842.8	0.24242424242424243	0.1091703056768559	0.0	0.9788	0.9788	0.98	1.0
843.3	0.24260073695471293	0.10997340425531915	0.0	0.9788	0.9788	0.98	1.0
843.7	0.24300178677784395	0.10966022651565623	0.0	0.9788	0.9788	0.98	1.0
844.2	0.24342734225621415	0.11029509947923621	0.0	0.9788	0.9788	0.98	1.0
844.7	0.24288630087645577	0.10964794410104811	0.0	0.9788	0.9788	0.98	1.0
845.1	0.2418363658272081	0.11002017484868863	0.0	0.9788	0.9788	0.98	1.0
845.6	0.24325301204819277	0.1103169251517195	0.0	0.9788	0.9788	0.98	1.0
846.1	0.24286060019361083	0.10852188050399675	0.0	0.9788	0.9788	0.98	1.0
846.6	0.2430791646430306	0.10843864655523848	0.0	0.9788	0.9788	0.98	1.0
847.0	0.24175690473293587	0.10969145031942368	0.0	0.9788	0.9788	0.98	1.0
847.5	0.24294268605645852	0.10837775044417111	0.0	0.9788	0.9788	0.98	1.0
848.0	0.24229399484219574	0.10995052226498075	0.0	0.9788	0.9788	0.98	1.0
848.4	0.24238312569384482	0.11040574109853712	0.0	0.9788	0.9788	0.98	1.0
848.9	0.24225142573766428	0.10989315942833357	0.0	0.9788	0.9788	0.98	1.0
849.4	0.24248096842630726	0.10837988826815642	0.0	0.9788	0.9788	0.98	1.0
849.8	0.24248496993987975	0.11101754385964913	0.0	0.9788	0.9788	0.98	1.0
850.3	0.24264520995725422	0.11157953906689151	0.0	0.9788	0.9788	0.98	1.0
850.8	0.24233244982961	0.11064010173802459	0.0	0.9788	0.9788	0.98	1.0
851.3	0.2413793103448276	0.11098479465681399	0.0	0.9788	0.9788	0.98	1.0
851.7	0.24336734693877551	0.11076175503787337	0.0	0.9788	0.9788	0.98	1.0
852.2	0.24269605330599692	0.11184493898061737	0.0	0.9788	0.9788	0.98	1.0
852.7	0.2423111568652683	0.11136757068667051	0.0	0.9788	0.9788	0.98	1.0
853.1	0.24289772727272727	0.11176980913823019	0.0	0.9788	0.9788	0.98	1.0
853.6	0.242818146366827	0.11190441497887221	0.0	0.9788	0.9788	0.98	1.0
854.1	0.243733681462141	0.11296458882060287	0.0	0.9788	0.9788	0.98	1.0
854.5	0.24254368676914992	0.11230497497792169	0.0	0.9788	0.9788	0.98	1.0
855.0	0.24399894486942758	0.11300103534980033	0.0	0.9788	0.9788	0.98	1.0
855.5	0.24273390842733908	0.11165625929229854	0.0	0.9788	0.9788	0.98	1.0
855.9	0.24225013361838588	0.1125599520383693	0.0	0.9788	0.9788	0.98	1.0
856.4	0.24215910620541123	0.11235276351555422	0.0	0.9788	0.9788	0.98	1.0
856.9	0.2422485845241305	0.11321325866505222	0.0	0.9788	0.9788	0.98	1.0
857.3	0.24137462646020102	0.11416361416361416	0.0	0.9788	0.9788	0.98	1.0
857.8	0.2427277716794731	0.11314937567442578	0.0	0.9788	0.9788	0.98	1.0
858.3	0.24381136772230674	0.11286294099281924	0.0	0.9788	0.9788	0.98	1.0
858.7	0.24158085165599777	0.11470265181233329	0.0	0.9788	0.9788	0.98	1.0
859.2	0.24303232998885171	0.11399779562273658	0.0	0.9788	0.9788	0.98	1.0
859.7	0.2410614525139665	0.11343942019851899	0.0	0.9788	0.9788	0.98	1.0
860.1	0.24167366358802128	0.1127831458894345	0.0	0.9788	0.9788	0.98	1.0
860.6	0.24268841394825647	0.11411219434233659	0.0	0.9788	0.9788	0.98	1.0
861.1	0.24370223606000566	0.11350829174046047	0.0	0.9788	0.9788	0.98	1.0
861.5	0.24284289987181312	0.11382113821138211	0.0	0.9788	0.9788	0.98	1.0
862.0	0.24088952654232423	0.11381179175562489	0.0	0.9788	0.9788	0.98	1.0
862.4	0.24166786899437312	0.11430459200528577	0.0	0.9788	0.9788	0.98	1.0
862.9	0.24190973733855753	0.11469951722989845	0.0	0.9788	0.9788	0.98	1.0
863.4	0.24245516839189385	0.11577181208053691	0.0	0.9788	0.9788	0.98	1.0
863.8	0.2423622277444818	0.11297141890749196	0.0	0.9788	0.9788	0.98	1.0
864.3	0.240967408936735	0.11272416737830913	0.0	0.9788	0.9788	0.98	1.0
864.8	0.24081209247184351	0.114762560220234	0.0	0.9788	0.9788	0.98	1.0
865.2	0.24213508274936632	0.11537126995142262	0.0	0.9788	0.9788	0.98	1.0
865.7	0.24143114852675887	0.1147167163655499	0.0	0.9788	0.9788	0.98	1.0
866.1	0.242798974513648	0.11428571428571428	0.0	0.9788	0.9788	0.98	1.0
866.6	0.2423461655046984	0.11419423692636073	0.0	0.9788	0.9788	0.98	1.0
867.1	0.24114774114774115	0.1128453534266236	0.0	0.9788	0.9788	0.98	1.0
867.5	0.24370779619398403	0.11153221440173254	0.0	0.9788	0.9788	0.98	1.0
868.0	0.24175654853620956	0.11054545454545454	0.0	0.9788	0.9788	0.98	1.0
868.5	0.2428992705261524	0.11371115173674588	0.0	0.9788	0.9788	0.98	1.0
868.9	0.24201127819548873	0.11275415896487985	0.0	0.9788	0.9788	0.98	1.0
869.4	0.2434823826828883	0.11003537516291194	0.0	0.9788	0.9788	0.98	1.0
869.8	0.24091414061260116	0.11082040740048589	0.0	0.9788	0.9788	0.98	1.0
870.3	0.24107142857142858	0.11023622047244094	0.0	0.9788	0.9788	0.98	1.0
870.8	0.2418708954028512	0.108789760963674	0.0	0.9788	0.9788	0.98	1.0
871.2	0.24115186615186615	0.1090119025127527	0.0	0.9788	0.9788	0.98	1.0
871.7	0.2411450752062106	0.10909434675742107	0.0	0.9788	0.9788	0.98	1.0
872.1	0.23998697492673396	0.1080568720379147	0.0	0.9788	0.9788	0.98	1.0
872.6	0.23918032786885246	0.10967250571210967	0.0	0.9788	0.9788	0.98	1.0
873.0	0.2373495961760343	0.113909559244419	0.0	0.9788	0.9788	0.98	1.0
873.5	0.2366412213740458	0.11647126657697482	0.0	0.9788	0.9788	0.98	1.0
874.0	0.23643346134580062	0.12295555127958438	0.0	0.9788	0.9788	0.98	1.0
874.4	0.23463028465554994	0.12917551650897857	0.0	0.9788	0.9788	0.98	1.0
874.9	0.23491415944246133	0.14030314807617567	0.0	0.9788	0.9788	0.98	1.0
875.3	0.2342357779300891	0.14828599412340843	0.0	0.9788	0.9788	0.98	1.0
875.8	0.23388072601555748	0.15973871733966746	0.0	0.9788	0.9788	0.98	1.0
876.2	0.23559292345419514	0.16720128307939053	0.0	0.9788	0.9788	0.98	1.0
876.7	0.23618538324420676	0.16625866993064056	0.0	0.9788	0.9788	0.98	1.0
877.2	0.23883847549909257	0.1615993336109954	0.0	0.9788	0.9788	0.98	1.0
877.6	0.23925581395348838	0.14243133915265063	0.0	0.9788	0.9788	0.98	1.0
878.1	0.242914979757085	0.12233692071161871	0.0	0.9788	0.9788	0.98	1.0
