IAD1 # Must be first four characters
# Input Example with a single set of sphere coefficients 
# The order of entries is important 
# Anything after a ’#’ is ignored, blank lines are also ignored

1.34 # Index of refraction of the sample 
1.50 # Index of refraction of the top and bottom slides 
1.0 # [mm] Thickness of sample 
1.0 # [mm] Thickness of slides 
5.0 # [mm] Diameter of illumination beam 
0.96 # Reflectance of the calibration standard
1 # Number of spheres used during each measurement

# Properties of sphere used for reflectance measurements 203.2 # [mm] Sphere Diameter (8 in * 25.4 mm/in) 
25.4 # [mm] Sample Port Diameter 
12.7 # [mm] Entrance Port Diameter 
1.00 # [mm] Detector Port Diameter 
0.96 # Reflectance of the sphere wall

# Properties of sphere used for transmittance measurements 203.2 # [mm] Sphere Diameter (8 in * 25.4 mm/in) 
25.4 # [mm] Sample Port Diameter 
0.00 # [mm] Entrance Port Diameter 
1.00 # [mm] Detector Port Diameter 
0.96 # Reflectance of the sphere wall

2 # Number of measurements, M_R, M_T

#nm	#M_R	#M_T	#M_U	#r_w 	#t_w 	#rstd 	#tstd
349.8	0.22448979591836735	0.07613168724279835	0.0	0.9788	0.9788	0.98	1.0
350.3	0.2542857142857143	0.08704061895551257	0.0	0.9788	0.9788	0.98	1.0
350.8	0.2969187675070028	0.10575139146567718	0.0	0.9788	0.9788	0.98	1.0
351.3	0.2853107344632768	0.10801393728222997	0.0	0.9788	0.9788	0.98	1.0
351.9	0.28378378378378377	0.11428571428571428	0.0	0.9788	0.9788	0.98	1.0
352.4	0.2810810810810811	0.09484193011647254	0.0	0.9788	0.9788	0.98	1.0
352.9	0.2750642673521851	0.09624796084828711	0.0	0.9788	0.9788	0.98	1.0
353.4	0.2601010101010101	0.08709677419354839	0.0	0.9788	0.9788	0.98	1.0
354.0	0.25879396984924624	0.06602254428341385	0.0	0.9788	0.9788	0.98	1.0
354.5	0.25879396984924624	0.05331179321486268	0.0	0.9788	0.9788	0.98	1.0
355.0	0.2512437810945274	0.052545155993431854	0.0	0.9788	0.9788	0.98	1.0
355.5	0.21739130434782608	0.026490066225165563	0.0	0.9788	0.9788	0.98	1.0
356.0	0.21770334928229665	0.01	0.0	0.9788	0.9788	0.98	1.0
356.6	0.20665083135391923	-0.008431703204047217	0.0	0.9788	0.9788	0.98	1.0
357.1	0.1939252336448598	-0.013445378151260505	0.0	0.9788	0.9788	0.98	1.0
357.6	0.20909090909090908	0.0016638935108153079	0.0	0.9788	0.9788	0.98	1.0
358.1	0.19534883720930232	0.0016129032258064516	0.0	0.9788	0.9788	0.98	1.0
358.7	0.1935483870967742	0.01751592356687898	0.0	0.9788	0.9788	0.98	1.0
359.2	0.1973392461197339	0.018867924528301886	0.0	0.9788	0.9788	0.98	1.0
359.7	0.20915032679738563	0.006125574272588055	0.0	0.9788	0.9788	0.98	1.0
360.2	0.19787234042553192	0.016566265060240965	0.0	0.9788	0.9788	0.98	1.0
360.8	0.2182952182952183	0.02342606149341142	0.0	0.9788	0.9788	0.98	1.0
361.3	0.21181262729124237	0.02170767004341534	0.0	0.9788	0.9788	0.98	1.0
361.8	0.21912350597609562	0.021037868162692847	0.0	0.9788	0.9788	0.98	1.0
362.3	0.228515625	0.039509536784741145	0.0	0.9788	0.9788	0.98	1.0
362.9	0.21333333333333335	0.035856573705179286	0.0	0.9788	0.9788	0.98	1.0
363.4	0.21851851851851853	0.030104712041884817	0.0	0.9788	0.9788	0.98	1.0
363.9	0.21072088724584104	0.034526854219948847	0.0	0.9788	0.9788	0.98	1.0
364.4	0.2185792349726776	0.030303030303030304	0.0	0.9788	0.9788	0.98	1.0
364.9	0.22898032200357782	0.040993788819875775	0.0	0.9788	0.9788	0.98	1.0
365.5	0.23036649214659685	0.012285012285012284	0.0	0.9788	0.9788	0.98	1.0
366.0	0.22145328719723184	0.030878859857482184	0.0	0.9788	0.9788	0.98	1.0
366.5	0.22504230118443316	0.03537735849056604	0.0	0.9788	0.9788	0.98	1.0
367.0	0.21440536013400335	0.03981264637002342	0.0	0.9788	0.9788	0.98	1.0
367.6	0.24104234527687296	0.023148148148148147	0.0	0.9788	0.9788	0.98	1.0
368.1	0.2161290322580645	0.01820250284414107	0.0	0.9788	0.9788	0.98	1.0
368.6	0.2279874213836478	0.026726057906458798	0.0	0.9788	0.9788	0.98	1.0
369.1	0.2204968944099379	0.02628696604600219	0.0	0.9788	0.9788	0.98	1.0
369.7	0.2127659574468085	0.018378378378378378	0.0	0.9788	0.9788	0.98	1.0
370.2	0.22801788375558868	0.0211864406779661	0.0	0.9788	0.9788	0.98	1.0
370.7	0.2246376811594203	0.02688728024819028	0.0	0.9788	0.9788	0.98	1.0
371.2	0.23120567375886525	0.018480492813141684	0.0	0.9788	0.9788	0.98	1.0
371.8	0.23994452149791956	0.02905811623246493	0.0	0.9788	0.9788	0.98	1.0
372.3	0.22982216142270862	0.02453385672227674	0.0	0.9788	0.9788	0.98	1.0
372.8	0.23466666666666666	0.026061776061776062	0.0	0.9788	0.9788	0.98	1.0
373.3	0.23026315789473684	0.01984877126654064	0.0	0.9788	0.9788	0.98	1.0
373.9	0.24265644955300128	0.027281279397930385	0.0	0.9788	0.9788	0.98	1.0
374.4	0.23203026481715006	0.02302025782688766	0.0	0.9788	0.9788	0.98	1.0
374.9	0.2343558282208589	0.023486901535682024	0.0	0.9788	0.9788	0.98	1.0
375.5	0.2253012048192771	0.016843971631205674	0.0	0.9788	0.9788	0.98	1.0
376.0	0.23333333333333334	0.013077593722755012	0.0	0.9788	0.9788	0.98	1.0
376.5	0.23693379790940766	0.026518391787852865	0.0	0.9788	0.9788	0.98	1.0
377.0	0.23103057757644394	0.02092050209205021	0.0	0.9788	0.9788	0.98	1.0
377.6	0.24835164835164836	0.02042483660130719	0.0	0.9788	0.9788	0.98	1.0
378.1	0.25	0.022435897435897436	0.0	0.9788	0.9788	0.98	1.0
378.6	0.2405857740585774	0.01647058823529412	0.0	0.9788	0.9788	0.98	1.0
379.1	0.2474437627811861	0.018518518518518517	0.0	0.9788	0.9788	0.98	1.0
379.7	0.24426719840478564	0.016591251885369532	0.0	0.9788	0.9788	0.98	1.0
380.2	0.24148003894839337	0.020694752402069475	0.0	0.9788	0.9788	0.98	1.0
380.7	0.2420749279538905	0.01741654571843251	0.0	0.9788	0.9788	0.98	1.0
381.2	0.24881740775780511	0.01998572448251249	0.0	0.9788	0.9788	0.98	1.0
381.8	0.2467889908256881	0.014025245441795231	0.0	0.9788	0.9788	0.98	1.0
382.3	0.242973708068903	0.01791867677463818	0.0	0.9788	0.9788	0.98	1.0
382.8	0.25044404973357015	0.0170299727520436	0.0	0.9788	0.9788	0.98	1.0
383.4	0.2517482517482518	0.024161073825503355	0.0	0.9788	0.9788	0.98	1.0
383.9	0.23979148566463945	0.02862849533954727	0.0	0.9788	0.9788	0.98	1.0
384.4	0.25	0.021052631578947368	0.0	0.9788	0.9788	0.98	1.0
384.9	0.2461799660441426	0.020874103065883887	0.0	0.9788	0.9788	0.98	1.0
385.5	0.25374376039933444	0.021331609566903685	0.0	0.9788	0.9788	0.98	1.0
386.0	0.24668874172185432	0.02169751116783663	0.0	0.9788	0.9788	0.98	1.0
386.5	0.24939073923639318	0.027232425585813805	0.0	0.9788	0.9788	0.98	1.0
387.1	0.2553699284009546	0.019472361809045227	0.0	0.9788	0.9788	0.98	1.0
387.6	0.25258141382049243	0.021157436216552583	0.0	0.9788	0.9788	0.98	1.0
388.1	0.2533022533022533	0.023255813953488372	0.0	0.9788	0.9788	0.98	1.0
388.6	0.254601226993865	0.024728588661037394	0.0	0.9788	0.9788	0.98	1.0
389.2	0.25487256371814093	0.024390243902439025	0.0	0.9788	0.9788	0.98	1.0
389.7	0.25220588235294117	0.021739130434782608	0.0	0.9788	0.9788	0.98	1.0
390.2	0.2536127167630058	0.019562715765247412	0.0	0.9788	0.9788	0.98	1.0
390.8	0.25263157894736843	0.022358859698155393	0.0	0.9788	0.9788	0.98	1.0
391.3	0.25991792065663477	0.021311475409836064	0.0	0.9788	0.9788	0.98	1.0
391.8	0.2578490313961256	0.028846153846153848	0.0	0.9788	0.9788	0.98	1.0
392.3	0.25762491888384165	0.019916142557651992	0.0	0.9788	0.9788	0.98	1.0
392.9	0.2587635436583811	0.020429009193054137	0.0	0.9788	0.9788	0.98	1.0
393.4	0.2647241165530068	0.021042084168336674	0.0	0.9788	0.9788	0.98	1.0
393.9	0.25757575757575757	0.021088769004413928	0.0	0.9788	0.9788	0.98	1.0
394.5	0.255786350148368	0.022104757328207592	0.0	0.9788	0.9788	0.98	1.0
395.0	0.25836216839677045	0.018779342723004695	0.0	0.9788	0.9788	0.98	1.0
395.5	0.25892351274787534	0.01757631822386679	0.0	0.9788	0.9788	0.98	1.0
396.0	0.26145251396648045	0.019195612431444242	0.0	0.9788	0.9788	0.98	1.0
396.6	0.25730027548209367	0.02288021534320323	0.0	0.9788	0.9788	0.98	1.0
397.1	0.25962059620596206	0.02266666666666667	0.0	0.9788	0.9788	0.98	1.0
397.6	0.2620689655172414	0.019417475728155338	0.0	0.9788	0.9788	0.98	1.0
398.2	0.25516146109052407	0.02668416447944007	0.0	0.9788	0.9788	0.98	1.0
398.7	0.25447839831401475	0.016493055555555556	0.0	0.9788	0.9788	0.98	1.0
399.2	0.2548101924076963	0.017263703064307294	0.0	0.9788	0.9788	0.98	1.0
399.8	0.2533470648815654	0.02011125374411639	0.0	0.9788	0.9788	0.98	1.0
400.3	0.25204498977505113	0.025990626331487004	0.0	0.9788	0.9788	0.98	1.0
400.8	0.2529262086513995	0.022476675148430873	0.0	0.9788	0.9788	0.98	1.0
401.3	0.25691302161890395	0.021052631578947368	0.0	0.9788	0.9788	0.98	1.0
401.9	0.259222333000997	0.019246861924686193	0.0	0.9788	0.9788	0.98	1.0
402.4	0.25663716814159293	0.017812758906379452	0.0	0.9788	0.9788	0.98	1.0
402.9	0.2541302235179786	0.01804757998359311	0.0	0.9788	0.9788	0.98	1.0
403.5	0.2574021012416428	0.022653721682847898	0.0	0.9788	0.9788	0.98	1.0
404.0	0.25727699530516435	0.017985611510791366	0.0	0.9788	0.9788	0.98	1.0
404.5	0.2590027700831025	0.01735700197238659	0.0	0.9788	0.9788	0.98	1.0
405.1	0.25546448087431695	0.020100502512562814	0.0	0.9788	0.9788	0.98	1.0
405.6	0.25245755138516535	0.02130087485736021	0.0	0.9788	0.9788	0.98	1.0
406.1	0.2565674255691769	0.01976874300634092	0.0	0.9788	0.9788	0.98	1.0
406.7	0.2554557124518614	0.01920945696342815	0.0	0.9788	0.9788	0.98	1.0
407.2	0.25925925925925924	0.023835319609967497	0.0	0.9788	0.9788	0.98	1.0
407.7	0.25547747002893756	0.0216773276474769	0.0	0.9788	0.9788	0.98	1.0
408.2	0.2570965125709651	0.02198185624563852	0.0	0.9788	0.9788	0.98	1.0
408.8	0.25605398967844384	0.020233196159122085	0.0	0.9788	0.9788	0.98	1.0
409.3	0.25956284153005466	0.02096719648292188	0.0	0.9788	0.9788	0.98	1.0
409.8	0.2553680981595092	0.020749665327978582	0.0	0.9788	0.9788	0.98	1.0
410.4	0.2554882664647994	0.022375781507074696	0.0	0.9788	0.9788	0.98	1.0
410.9	0.2568569310600445	0.017168772270813086	0.0	0.9788	0.9788	0.98	1.0
411.4	0.2534849596478357	0.019501278772378516	0.0	0.9788	0.9788	0.98	1.0
412.0	0.2556715880446525	0.019291587602783048	0.0	0.9788	0.9788	0.98	1.0
412.5	0.2562366357804704	0.023408239700374533	0.0	0.9788	0.9788	0.98	1.0
413.0	0.25562587904360057	0.023464032108675516	0.0	0.9788	0.9788	0.98	1.0
413.6	0.2539902845246357	0.01896604466197614	0.0	0.9788	0.9788	0.98	1.0
414.1	0.25308641975308643	0.021154427319431852	0.0	0.9788	0.9788	0.98	1.0
414.6	0.25914634146341464	0.02072072072072072	0.0	0.9788	0.9788	0.98	1.0
415.2	0.2561016382480776	0.02133965619442798	0.0	0.9788	0.9788	0.98	1.0
415.7	0.25752066115702477	0.021388807500732493	0.0	0.9788	0.9788	0.98	1.0
416.2	0.2558746736292428	0.021436848203939745	0.0	0.9788	0.9788	0.98	1.0
416.8	0.25322164948453607	0.022158273381294964	0.0	0.9788	0.9788	0.98	1.0
417.3	0.2576433121019108	0.02188121625461779	0.0	0.9788	0.9788	0.98	1.0
417.8	0.2598870056497175	0.023367117117117118	0.0	0.9788	0.9788	0.98	1.0
418.4	0.25583566760037346	0.024254251463618624	0.0	0.9788	0.9788	0.98	1.0
418.9	0.2558282208588957	0.019267822736030827	0.0	0.9788	0.9788	0.98	1.0
419.4	0.25591985428051	0.02101528384279476	0.0	0.9788	0.9788	0.98	1.0
420.0	0.257134274556924	0.019204760616716256	0.0	0.9788	0.9788	0.98	1.0
420.5	0.2557932263814617	0.02015045674368619	0.0	0.9788	0.9788	0.98	1.0
421.0	0.2556701030927835	0.01972807251399627	0.0	0.9788	0.9788	0.98	1.0
421.5	0.2568353694008144	0.01791359325605901	0.0	0.9788	0.9788	0.98	1.0
422.1	0.25144675925925924	0.022524882137244632	0.0	0.9788	0.9788	0.98	1.0
422.6	0.2551487414187643	0.023630225915346664	0.0	0.9788	0.9788	0.98	1.0
423.1	0.2541123085649461	0.021424883840991223	0.0	0.9788	0.9788	0.98	1.0
423.7	0.25400393368923857	0.02362609142270159	0.0	0.9788	0.9788	0.98	1.0
424.2	0.25551521921251047	0.021363173957273652	0.0	0.9788	0.9788	0.98	1.0
424.7	0.25511898173768677	0.022997220116249686	0.0	0.9788	0.9788	0.98	1.0
425.3	0.25596053713346123	0.02014098690835851	0.0	0.9788	0.9788	0.98	1.0
425.8	0.2539509536784741	0.023952095808383235	0.0	0.9788	0.9788	0.98	1.0
426.3	0.25094850948509484	0.022332506203473945	0.0	0.9788	0.9788	0.98	1.0
426.9	0.25328330206378985	0.02094111850209411	0.0	0.9788	0.9788	0.98	1.0
427.4	0.25232898589299974	0.02252141982864137	0.0	0.9788	0.9788	0.98	1.0
427.9	0.2521716241116083	0.02335766423357664	0.0	0.9788	0.9788	0.98	1.0
428.5	0.2553357626236335	0.02522825564632388	0.0	0.9788	0.9788	0.98	1.0
429.0	0.25308641975308643	0.023350011913271386	0.0	0.9788	0.9788	0.98	1.0
429.6	0.2541856925418569	0.022796709753231493	0.0	0.9788	0.9788	0.98	1.0
430.1	0.255	0.023169601482854494	0.0	0.9788	0.9788	0.98	1.0
430.6	0.25325792967789523	0.022394881170018283	0.0	0.9788	0.9788	0.98	1.0
431.2	0.2515071135760791	0.023130473837862115	0.0	0.9788	0.9788	0.98	1.0
431.7	0.25414495499763146	0.020741394527802295	0.0	0.9788	0.9788	0.98	1.0
432.2	0.2527906976744186	0.022786458333333332	0.0	0.9788	0.9788	0.98	1.0
432.8	0.25177223873770865	0.021431633090441493	0.0	0.9788	0.9788	0.98	1.0
433.3	0.25303370786516854	0.020868465430016865	0.0	0.9788	0.9788	0.98	1.0
433.8	0.25364238410596024	0.022148623473400953	0.0	0.9788	0.9788	0.98	1.0
434.4	0.2517331022530329	0.02445984508764778	0.0	0.9788	0.9788	0.98	1.0
434.9	0.25176621708413616	0.022325020112630732	0.0	0.9788	0.9788	0.98	1.0
435.4	0.25293870696893367	0.0222001982160555	0.0	0.9788	0.9788	0.98	1.0
436.0	0.253217102532171	0.023651290070367474	0.0	0.9788	0.9788	0.98	1.0
436.5	0.2505120852109791	0.023372609619470738	0.0	0.9788	0.9788	0.98	1.0
437.0	0.2528898803488136	0.022657450076804916	0.0	0.9788	0.9788	0.98	1.0
437.6	0.25190380761523046	0.02449677174325864	0.0	0.9788	0.9788	0.98	1.0
438.1	0.251494619370267	0.024431818181818183	0.0	0.9788	0.9788	0.98	1.0
438.6	0.2516818361693708	0.0212326193160466	0.0	0.9788	0.9788	0.98	1.0
439.2	0.24945812807881773	0.02244668911335578	0.0	0.9788	0.9788	0.98	1.0
439.7	0.24897240164415738	0.021820216337187618	0.0	0.9788	0.9788	0.98	1.0
440.2	0.25253510140405616	0.02459016393442623	0.0	0.9788	0.9788	0.98	1.0
440.8	0.2505361668941314	0.021038912679203128	0.0	0.9788	0.9788	0.98	1.0
441.3	0.2511167216935327	0.02431780211620568	0.0	0.9788	0.9788	0.98	1.0
441.8	0.24970918960837535	0.025522470871093026	0.0	0.9788	0.9788	0.98	1.0
442.4	0.2508710801393728	0.023557781487664627	0.0	0.9788	0.9788	0.98	1.0
442.9	0.24927424037158893	0.02556028894239674	0.0	0.9788	0.9788	0.98	1.0
443.5	0.2507237984944991	0.02592112571745973	0.0	0.9788	0.9788	0.98	1.0
444.0	0.2500480861704174	0.022407407407407407	0.0	0.9788	0.9788	0.98	1.0
444.5	0.24947145877378435	0.024787273399926008	0.0	0.9788	0.9788	0.98	1.0
445.1	0.2511975474228779	0.023963133640552997	0.0	0.9788	0.9788	0.98	1.0
445.6	0.2501905487804878	0.024922118380062305	0.0	0.9788	0.9788	0.98	1.0
446.1	0.25023553796872056	0.024013098053483718	0.0	0.9788	0.9788	0.98	1.0
446.7	0.24804031354983203	0.02477844094773015	0.0	0.9788	0.9788	0.98	1.0
447.2	0.24935161170804002	0.024442846872753415	0.0	0.9788	0.9788	0.98	1.0
447.7	0.24935779816513762	0.024658506297676068	0.0	0.9788	0.9788	0.98	1.0
448.3	0.24850786760716223	0.02456140350877193	0.0	0.9788	0.9788	0.98	1.0
448.8	0.2500891901534071	0.02440713172927125	0.0	0.9788	0.9788	0.98	1.0
449.3	0.2495171202809482	0.0252387448840382	0.0	0.9788	0.9788	0.98	1.0
449.9	0.24866171645657054	0.0242098184263618	0.0	0.9788	0.9788	0.98	1.0
450.4	0.2502119003220885	0.025586001980851765	0.0	0.9788	0.9788	0.98	1.0
450.9	0.24770642201834864	0.024771838331160364	0.0	0.9788	0.9788	0.98	1.0
451.5	0.24930339288641207	0.024987986544930323	0.0	0.9788	0.9788	0.98	1.0
452.0	0.24754704841563455	0.02516514627241271	0.0	0.9788	0.9788	0.98	1.0
452.6	0.25114806017418845	0.02433731204464424	0.0	0.9788	0.9788	0.98	1.0
453.1	0.24809457147301292	0.024501597930299802	0.0	0.9788	0.9788	0.98	1.0
453.6	0.24708588957055214	0.02581032412965186	0.0	0.9788	0.9788	0.98	1.0
454.2	0.2477769404672193	0.026148618702910326	0.0	0.9788	0.9788	0.98	1.0
454.7	0.24802856717750335	0.02483564645726808	0.0	0.9788	0.9788	0.98	1.0
455.2	0.24816876648110167	0.025711396793297703	0.0	0.9788	0.9788	0.98	1.0
455.8	0.2470605312817535	0.02483231054659626	0.0	0.9788	0.9788	0.98	1.0
456.3	0.24665804225959465	0.025173242822797343	0.0	0.9788	0.9788	0.98	1.0
456.8	0.24718460441910192	0.0243593353984793	0.0	0.9788	0.9788	0.98	1.0
457.4	0.24879977407512002	0.024965132496513248	0.0	0.9788	0.9788	0.98	1.0
457.9	0.2469828795958462	0.02512144344205413	0.0	0.9788	0.9788	0.98	1.0
458.5	0.24674597620713787	0.026089369969469887	0.0	0.9788	0.9788	0.98	1.0
459.0	0.24790969899665552	0.025120772946859903	0.0	0.9788	0.9788	0.98	1.0
459.5	0.24850839461634522	0.026703372333103922	0.0	0.9788	0.9788	0.98	1.0
460.1	0.2480942480942481	0.025419071173399286	0.0	0.9788	0.9788	0.98	1.0
460.6	0.24716459197787	0.025968672712283595	0.0	0.9788	0.9788	0.98	1.0
461.1	0.24703284570797682	0.027182866556836903	0.0	0.9788	0.9788	0.98	1.0
461.7	0.24786442546155965	0.02506849315068493	0.0	0.9788	0.9788	0.98	1.0
462.2	0.24548587181254308	0.026852993560761748	0.0	0.9788	0.9788	0.98	1.0
462.7	0.24693568379011155	0.027678816114003836	0.0	0.9788	0.9788	0.98	1.0
463.3	0.24800988196541313	0.02708247845711941	0.0	0.9788	0.9788	0.98	1.0
463.8	0.24708304735758407	0.026852993560761748	0.0	0.9788	0.9788	0.98	1.0
464.4	0.24835706462212487	0.027633378932968536	0.0	0.9788	0.9788	0.98	1.0
464.9	0.24618528610354223	0.02808069792802617	0.0	0.9788	0.9788	0.98	1.0
465.4	0.24643971246439714	0.027254237288135592	0.0	0.9788	0.9788	0.98	1.0
466.0	0.24515868746637978	0.026273241713823767	0.0	0.9788	0.9788	0.98	1.0
466.5	0.2479593202194567	0.027613941018766755	0.0	0.9788	0.9788	0.98	1.0
467.0	0.24701195219123506	0.027992535323913624	0.0	0.9788	0.9788	0.98	1.0
467.6	0.24673267326732673	0.027829313543599257	0.0	0.9788	0.9788	0.98	1.0
468.1	0.24554973821989529	0.027112397999473545	0.0	0.9788	0.9788	0.98	1.0
468.7	0.24705119896305897	0.026857887874837026	0.0	0.9788	0.9788	0.98	1.0
469.2	0.24633581897660067	0.028187225239203518	0.0	0.9788	0.9788	0.98	1.0
469.7	0.24599338590689393	0.02815099168266155	0.0	0.9788	0.9788	0.98	1.0
470.3	0.2462178517397882	0.02783072817384674	0.0	0.9788	0.9788	0.98	1.0
470.8	0.24600599101347978	0.02707467573353482	0.0	0.9788	0.9788	0.98	1.0
471.3	0.2460435212660732	0.026989878795451706	0.0	0.9788	0.9788	0.98	1.0
471.9	0.24660882316998656	0.028638439698802618	0.0	0.9788	0.9788	0.98	1.0
472.4	0.2451550387596899	0.02710326220259995	0.0	0.9788	0.9788	0.98	1.0
473.0	0.2454326923076923	0.026482792287039297	0.0	0.9788	0.9788	0.98	1.0
473.5	0.24517742319599906	0.028240405503258507	0.0	0.9788	0.9788	0.98	1.0
474.0	0.24533648170011807	0.02799043062200957	0.0	0.9788	0.9788	0.98	1.0
474.6	0.24523001287603885	0.0275632648211952	0.0	0.9788	0.9788	0.98	1.0
475.1	0.24599675098630772	0.02685512367491166	0.0	0.9788	0.9788	0.98	1.0
475.6	0.2459431465070779	0.02704601334738321	0.0	0.9788	0.9788	0.98	1.0
476.2	0.24536931168534187	0.02800697269029634	0.0	0.9788	0.9788	0.98	1.0
476.7	0.24650687265704874	0.02753992131451053	0.0	0.9788	0.9788	0.98	1.0
477.3	0.2446351931330472	0.028863845446182153	0.0	0.9788	0.9788	0.98	1.0
477.8	0.24482024862806584	0.0276539824020112	0.0	0.9788	0.9788	0.98	1.0
478.3	0.24509803921568626	0.028804717623043773	0.0	0.9788	0.9788	0.98	1.0
478.9	0.24510129525074725	0.029617906398372147	0.0	0.9788	0.9788	0.98	1.0
479.4	0.2441541332747832	0.0287317620650954	0.0	0.9788	0.9788	0.98	1.0
479.9	0.24450010890873447	0.027975925100312084	0.0	0.9788	0.9788	0.98	1.0
480.5	0.24575262417487284	0.0279960163771163	0.0	0.9788	0.9788	0.98	1.0
481.0	0.2448497854077253	0.028788045269750578	0.0	0.9788	0.9788	0.98	1.0
481.6	0.2443520886615516	0.029684601113172542	0.0	0.9788	0.9788	0.98	1.0
482.1	0.24553807160206992	0.02957105719237435	0.0	0.9788	0.9788	0.98	1.0
482.6	0.2454354669464848	0.030247578040904197	0.0	0.9788	0.9788	0.98	1.0
483.2	0.24322077922077923	0.028997867803837955	0.0	0.9788	0.9788	0.98	1.0
483.7	0.24516596008685762	0.029620978872491772	0.0	0.9788	0.9788	0.98	1.0
484.2	0.2448060587452666	0.02904345996001263	0.0	0.9788	0.9788	0.98	1.0
484.8	0.24464521368388997	0.02920317062995411	0.0	0.9788	0.9788	0.98	1.0
485.3	0.24510595358224016	0.02903660686508348	0.0	0.9788	0.9788	0.98	1.0
485.9	0.24465629703963873	0.02894655225886488	0.0	0.9788	0.9788	0.98	1.0
486.4	0.24422540820390282	0.030060531445572997	0.0	0.9788	0.9788	0.98	1.0
486.9	0.24325659519810294	0.03024747937671861	0.0	0.9788	0.9788	0.98	1.0
487.5	0.24459512578616352	0.02931629133698519	0.0	0.9788	0.9788	0.98	1.0
488.0	0.2446351931330472	0.029417690912754382	0.0	0.9788	0.9788	0.98	1.0
488.6	0.2446447610739556	0.030260521042084168	0.0	0.9788	0.9788	0.98	1.0
489.1	0.24545016851227733	0.03031814101924803	0.0	0.9788	0.9788	0.98	1.0
489.6	0.24481566820276499	0.029724624714186302	0.0	0.9788	0.9788	0.98	1.0
490.2	0.2450596658711217	0.0304080824088748	0.0	0.9788	0.9788	0.98	1.0
490.7	0.24346917450365727	0.03002559558968301	0.0	0.9788	0.9788	0.98	1.0
491.2	0.24355083459787558	0.03098259073473001	0.0	0.9788	0.9788	0.98	1.0
491.8	0.2440751581531489	0.031240818724904515	0.0	0.9788	0.9788	0.98	1.0
492.3	0.24456163480553725	0.03123164284315645	0.0	0.9788	0.9788	0.98	1.0
492.9	0.24434219175509436	0.030021513788382553	0.0	0.9788	0.9788	0.98	1.0
493.4	0.24300732119391777	0.03084732526356892	0.0	0.9788	0.9788	0.98	1.0
493.9	0.24315710536182977	0.03055148853099073	0.0	0.9788	0.9788	0.98	1.0
494.5	0.24412177985948477	0.03210069275051224	0.0	0.9788	0.9788	0.98	1.0
495.0	0.24406270534121843	0.03080684596577017	0.0	0.9788	0.9788	0.98	1.0
495.6	0.24372188905547226	0.030892560367582363	0.0	0.9788	0.9788	0.98	1.0
496.1	0.24371010138941043	0.03075115071981197	0.0	0.9788	0.9788	0.98	1.0
496.6	0.24375352244974638	0.03237833594976452	0.0	0.9788	0.9788	0.98	1.0
497.2	0.2442898768681267	0.03197018730999313	0.0	0.9788	0.9788	0.98	1.0
497.7	0.2440258644925499	0.03207454634624816	0.0	0.9788	0.9788	0.98	1.0
498.2	0.2434365295944293	0.03213127640758573	0.0	0.9788	0.9788	0.98	1.0
498.8	0.2438082681985121	0.032149901380670615	0.0	0.9788	0.9788	0.98	1.0
499.3	0.24405600977351752	0.03244199764058199	0.0	0.9788	0.9788	0.98	1.0
499.9	0.2430959984970881	0.03253071253071253	0.0	0.9788	0.9788	0.98	1.0
500.4	0.24301518844927808	0.031418753068237604	0.0	0.9788	0.9788	0.98	1.0
500.9	0.24439252336448597	0.03201801625379418	0.0	0.9788	0.9788	0.98	1.0
501.5	0.2441222934671499	0.03327819402549382	0.0	0.9788	0.9788	0.98	1.0
502.0	0.24460630647243223	0.03206432238690303	0.0	0.9788	0.9788	0.98	1.0
502.6	0.2420463922251765	0.0328042328042328	0.0	0.9788	0.9788	0.98	1.0
503.1	0.24406440462112253	0.03297018348623853	0.0	0.9788	0.9788	0.98	1.0
503.6	0.24343352288112646	0.03291907788634854	0.0	0.9788	0.9788	0.98	1.0
504.2	0.24302575107296137	0.03206997084548105	0.0	0.9788	0.9788	0.98	1.0
504.7	0.24378153492077542	0.03277772604525561	0.0	0.9788	0.9788	0.98	1.0
505.2	0.24436650591845682	0.03353658536585366	0.0	0.9788	0.9788	0.98	1.0
505.8	0.24428608672981664	0.032948929159802305	0.0	0.9788	0.9788	0.98	1.0
506.3	0.24320850115691148	0.03299882469939427	0.0	0.9788	0.9788	0.98	1.0
506.9	0.24276772119776688	0.03255730978503256	0.0	0.9788	0.9788	0.98	1.0
507.4	0.24341227484989994	0.03336561317017343	0.0	0.9788	0.9788	0.98	1.0
507.9	0.24358445416288474	0.03310969765618193	0.0	0.9788	0.9788	0.98	1.0
508.5	0.24366598778004073	0.03298880275624462	0.0	0.9788	0.9788	0.98	1.0
509.0	0.24347127360385698	0.0341807669415866	0.0	0.9788	0.9788	0.98	1.0
509.6	0.2433097752719765	0.03368049722828826	0.0	0.9788	0.9788	0.98	1.0
510.1	0.24350011782263767	0.033447042183209916	0.0	0.9788	0.9788	0.98	1.0
510.6	0.24344918746598243	0.03358854038034083	0.0	0.9788	0.9788	0.98	1.0
511.2	0.24270873412851096	0.03344754446076032	0.0	0.9788	0.9788	0.98	1.0
511.7	0.24347958330165007	0.034530052440500204	0.0	0.9788	0.9788	0.98	1.0
512.2	0.24334514742477942	0.033360064153969526	0.0	0.9788	0.9788	0.98	1.0
512.8	0.24323718427738752	0.033616784550584124	0.0	0.9788	0.9788	0.98	1.0
513.3	0.24335135935995258	0.034183994959042216	0.0	0.9788	0.9788	0.98	1.0
513.9	0.24249797242497972	0.0341505443722096	0.0	0.9788	0.9788	0.98	1.0
514.4	0.24327493952942902	0.033936651583710405	0.0	0.9788	0.9788	0.98	1.0
514.9	0.24283735510680177	0.03360757528717789	0.0	0.9788	0.9788	0.98	1.0
515.5	0.2426887821911829	0.033857596652979	0.0	0.9788	0.9788	0.98	1.0
516.0	0.2430646332607117	0.03411200495049505	0.0	0.9788	0.9788	0.98	1.0
516.6	0.24260698975514058	0.034811598697472475	0.0	0.9788	0.9788	0.98	1.0
517.1	0.24314096499526963	0.03485483620555814	0.0	0.9788	0.9788	0.98	1.0
517.6	0.24289462177525142	0.03438618328924848	0.0	0.9788	0.9788	0.98	1.0
518.2	0.24355321791219228	0.035182151493876275	0.0	0.9788	0.9788	0.98	1.0
518.7	0.243138402986167	0.03526743822333438	0.0	0.9788	0.9788	0.98	1.0
519.3	0.2421501580998603	0.03548437745328937	0.0	0.9788	0.9788	0.98	1.0
519.8	0.24195338512763595	0.03512380349655882	0.0	0.9788	0.9788	0.98	1.0
520.3	0.24197384066587396	0.03612923762533821	0.0	0.9788	0.9788	0.98	1.0
520.9	0.24304778945798852	0.035235969387755105	0.0	0.9788	0.9788	0.98	1.0
521.4	0.24202008092312302	0.03582879127925617	0.0	0.9788	0.9788	0.98	1.0
521.9	0.24315377670779417	0.03536329950056388	0.0	0.9788	0.9788	0.98	1.0
522.5	0.24364791288566243	0.03621192482177576	0.0	0.9788	0.9788	0.98	1.0
523.0	0.24256031661465866	0.03629690048939641	0.0	0.9788	0.9788	0.98	1.0
523.6	0.2424612565844721	0.03638296132777369	0.0	0.9788	0.9788	0.98	1.0
524.1	0.24286368493359792	0.03557700171751043	0.0	0.9788	0.9788	0.98	1.0
524.6	0.24270729653165915	0.03643525356967011	0.0	0.9788	0.9788	0.98	1.0
525.2	0.24298850574712644	0.037198226309738874	0.0	0.9788	0.9788	0.98	1.0
525.7	0.24252390057361375	0.03637110016420361	0.0	0.9788	0.9788	0.98	1.0
526.3	0.24314442413162707	0.03719751471550033	0.0	0.9788	0.9788	0.98	1.0
526.8	0.24310148232611176	0.03794679288395626	0.0	0.9788	0.9788	0.98	1.0
527.3	0.24282142586559588	0.03655458764145567	0.0	0.9788	0.9788	0.98	1.0
527.9	0.2421155877470952	0.03694102397926118	0.0	0.9788	0.9788	0.98	1.0
528.4	0.24213293278257605	0.03742841009921755	0.0	0.9788	0.9788	0.98	1.0
528.9	0.24252144722118613	0.03672747729647191	0.0	0.9788	0.9788	0.98	1.0
529.5	0.24320309017976527	0.03691275167785235	0.0	0.9788	0.9788	0.98	1.0
530.0	0.24243539718766105	0.03684043733164316	0.0	0.9788	0.9788	0.98	1.0
530.6	0.24314843236132427	0.0375815708782137	0.0	0.9788	0.9788	0.98	1.0
531.1	0.24289855072463767	0.03762685402029664	0.0	0.9788	0.9788	0.98	1.0
531.6	0.24260482481332568	0.037607366710516135	0.0	0.9788	0.9788	0.98	1.0
532.2	0.24239401496259352	0.03763151831656555	0.0	0.9788	0.9788	0.98	1.0
532.7	0.24264395325918625	0.037155231365397764	0.0	0.9788	0.9788	0.98	1.0
533.3	0.24242846202046925	0.03722644205459878	0.0	0.9788	0.9788	0.98	1.0
533.8	0.24259783283870523	0.03870246085011186	0.0	0.9788	0.9788	0.98	1.0
534.3	0.24258337311600628	0.038580702272056656	0.0	0.9788	0.9788	0.98	1.0
534.9	0.24273550479794567	0.03811888418285381	0.0	0.9788	0.9788	0.98	1.0
535.4	0.24369579719813209	0.03836722919371124	0.0	0.9788	0.9788	0.98	1.0
536.0	0.2421658072193574	0.03827443124910574	0.0	0.9788	0.9788	0.98	1.0
536.5	0.24249770672257895	0.03859250851305335	0.0	0.9788	0.9788	0.98	1.0
537.0	0.24220016864500227	0.038869010032975514	0.0	0.9788	0.9788	0.98	1.0
537.6	0.2421377580551804	0.038332868692500695	0.0	0.9788	0.9788	0.98	1.0
538.1	0.24186758515116724	0.038778477944740666	0.0	0.9788	0.9788	0.98	1.0
538.6	0.24174155170231615	0.03873094355170993	0.0	0.9788	0.9788	0.98	1.0
539.2	0.24284638554216867	0.0385926633028774	0.0	0.9788	0.9788	0.98	1.0
539.7	0.2419294528231335	0.03877647695743385	0.0	0.9788	0.9788	0.98	1.0
540.3	0.24210656907139755	0.03892599338865277	0.0	0.9788	0.9788	0.98	1.0
540.8	0.24222989639861864	0.03833758560494159	0.0	0.9788	0.9788	0.98	1.0
541.3	0.24252471296125744	0.03926544240400668	0.0	0.9788	0.9788	0.98	1.0
541.9	0.2418348623853211	0.039236549843718826	0.0	0.9788	0.9788	0.98	1.0
542.4	0.24236140757455632	0.038972248041428764	0.0	0.9788	0.9788	0.98	1.0
543.0	0.24253118344995436	0.040023855277980254	0.0	0.9788	0.9788	0.98	1.0
543.5	0.24242608220508774	0.03975130630332694	0.0	0.9788	0.9788	0.98	1.0
544.0	0.2420030349013657	0.03974604854176311	0.0	0.9788	0.9788	0.98	1.0
544.6	0.2429838415745353	0.03935599284436494	0.0	0.9788	0.9788	0.98	1.0
545.1	0.2423489485485728	0.039460638508824114	0.0	0.9788	0.9788	0.98	1.0
545.6	0.24233035660044955	0.03976933784052496	0.0	0.9788	0.9788	0.98	1.0
546.2	0.24270194817017662	0.040352504638218926	0.0	0.9788	0.9788	0.98	1.0
546.7	0.24254207424509386	0.03967622080679405	0.0	0.9788	0.9788	0.98	1.0
547.3	0.2428588792998663	0.0400849482346695	0.0	0.9788	0.9788	0.98	1.0
547.8	0.24251824817518247	0.039755351681957186	0.0	0.9788	0.9788	0.98	1.0
548.3	0.24315757391039317	0.04132782295693908	0.0	0.9788	0.9788	0.98	1.0
548.9	0.24271844660194175	0.04033658341124616	0.0	0.9788	0.9788	0.98	1.0
549.4	0.242329788534409	0.04024871297720131	0.0	0.9788	0.9788	0.98	1.0
550.0	0.24239642616730922	0.0404581686650144	0.0	0.9788	0.9788	0.98	1.0
550.5	0.24266552336620323	0.040948998056430534	0.0	0.9788	0.9788	0.98	1.0
551.0	0.2419740961266957	0.0403979296901257	0.0	0.9788	0.9788	0.98	1.0
551.6	0.24220858895705522	0.0408464897547867	0.0	0.9788	0.9788	0.98	1.0
552.1	0.24268862128287047	0.04149545301448299	0.0	0.9788	0.9788	0.98	1.0
552.6	0.24235727440147328	0.040768194070080865	0.0	0.9788	0.9788	0.98	1.0
553.2	0.2426837533115643	0.04209175055739477	0.0	0.9788	0.9788	0.98	1.0
553.7	0.24278417133362054	0.04232768514142982	0.0	0.9788	0.9788	0.98	1.0
554.3	0.24292220580994583	0.04215361750996419	0.0	0.9788	0.9788	0.98	1.0
554.8	0.2422341145352771	0.04233340085071906	0.0	0.9788	0.9788	0.98	1.0
555.3	0.24207421971000245	0.0422316670039803	0.0	0.9788	0.9788	0.98	1.0
555.9	0.24236652945874546	0.04148677819751754	0.0	0.9788	0.9788	0.98	1.0
556.4	0.24201639544842776	0.04246455687697373	0.0	0.9788	0.9788	0.98	1.0
556.9	0.2429006703229738	0.04228655676182817	0.0	0.9788	0.9788	0.98	1.0
557.5	0.24197080291970802	0.04218561671353958	0.0	0.9788	0.9788	0.98	1.0
558.0	0.2421818181818182	0.04305453574527735	0.0	0.9788	0.9788	0.98	1.0
558.6	0.24219551959422742	0.041713791497571685	0.0	0.9788	0.9788	0.98	1.0
559.1	0.2420912822989616	0.042134644779690304	0.0	0.9788	0.9788	0.98	1.0
559.6	0.24285714285714285	0.043478260869565216	0.0	0.9788	0.9788	0.98	1.0
560.2	0.24269407757126635	0.04308300395256917	0.0	0.9788	0.9788	0.98	1.0
560.7	0.24253242889444246	0.04304744405800905	0.0	0.9788	0.9788	0.98	1.0
561.3	0.2426470588235294	0.04297769346503565	0.0	0.9788	0.9788	0.98	1.0
561.8	0.24249408983451537	0.0435633233337681	0.0	0.9788	0.9788	0.98	1.0
562.3	0.24310010004119342	0.04342173686947478	0.0	0.9788	0.9788	0.98	1.0
562.9	0.24247756466654935	0.043568464730290454	0.0	0.9788	0.9788	0.98	1.0
563.4	0.2426719607614154	0.043559628291171916	0.0	0.9788	0.9788	0.98	1.0
563.9	0.24246487494898852	0.043436231230263585	0.0	0.9788	0.9788	0.98	1.0
564.5	0.24287455738085564	0.0441091492776886	0.0	0.9788	0.9788	0.98	1.0
565.0	0.24221192819918935	0.04373439200870846	0.0	0.9788	0.9788	0.98	1.0
565.6	0.24266404805914973	0.0438871473354232	0.0	0.9788	0.9788	0.98	1.0
566.1	0.24234384912624718	0.04409418671431306	0.0	0.9788	0.9788	0.98	1.0
566.6	0.24255686726173337	0.043816569934307034	0.0	0.9788	0.9788	0.98	1.0
567.2	0.24228137756568735	0.04381049414161997	0.0	0.9788	0.9788	0.98	1.0
567.7	0.24268720188494913	0.044290084119296455	0.0	0.9788	0.9788	0.98	1.0
568.2	0.2419022547785281	0.044762870910474255	0.0	0.9788	0.9788	0.98	1.0
568.8	0.24239995419934734	0.04401117744189	0.0	0.9788	0.9788	0.98	1.0
569.3	0.24250727864360336	0.044804455132261736	0.0	0.9788	0.9788	0.98	1.0
569.9	0.2430456388873022	0.04497941083306937	0.0	0.9788	0.9788	0.98	1.0
570.4	0.24203312392918333	0.04464172479391249	0.0	0.9788	0.9788	0.98	1.0
570.9	0.2423655423883318	0.04446834081852109	0.0	0.9788	0.9788	0.98	1.0
571.5	0.24247938584020473	0.04517311094263331	0.0	0.9788	0.9788	0.98	1.0
572.0	0.2420801635063018	0.04487583511912265	0.0	0.9788	0.9788	0.98	1.0
572.5	0.24245860739396688	0.04546313204458158	0.0	0.9788	0.9788	0.98	1.0
573.1	0.24209335219236208	0.045637415137037965	0.0	0.9788	0.9788	0.98	1.0
573.6	0.24263627130120755	0.045118435894222333	0.0	0.9788	0.9788	0.98	1.0
574.1	0.24308956820356922	0.0452837279218339	0.0	0.9788	0.9788	0.98	1.0
574.7	0.2425127830533236	0.04587728606204357	0.0	0.9788	0.9788	0.98	1.0
575.2	0.24245647427643732	0.04555638536221061	0.0	0.9788	0.9788	0.98	1.0
575.8	0.2424597201315716	0.04573946502823807	0.0	0.9788	0.9788	0.98	1.0
576.3	0.24210409252669038	0.045758513931888546	0.0	0.9788	0.9788	0.98	1.0
576.8	0.2428539773986262	0.04709295148747068	0.0	0.9788	0.9788	0.98	1.0
577.4	0.24257316399779127	0.046234245312019674	0.0	0.9788	0.9788	0.98	1.0
577.9	0.2427243219453155	0.046842427958307786	0.0	0.9788	0.9788	0.98	1.0
578.4	0.24211101996171724	0.04613603120429059	0.0	0.9788	0.9788	0.98	1.0
579.0	0.2429769163763066	0.04616132167152575	0.0	0.9788	0.9788	0.98	1.0
579.5	0.24292836241465265	0.04665658093797277	0.0	0.9788	0.9788	0.98	1.0
580.1	0.24220986120861912	0.04672615458820692	0.0	0.9788	0.9788	0.98	1.0
580.6	0.24270542801973827	0.04643499101258238	0.0	0.9788	0.9788	0.98	1.0
581.1	0.24326635314236852	0.047147290522797806	0.0	0.9788	0.9788	0.98	1.0
581.7	0.24220827571534942	0.04696231125906551	0.0	0.9788	0.9788	0.98	1.0
582.2	0.2426245109442741	0.04794844507508573	0.0	0.9788	0.9788	0.98	1.0
582.7	0.24197036021306892	0.04754601226993865	0.0	0.9788	0.9788	0.98	1.0
583.3	0.2420465898932534	0.04798870853916726	0.0	0.9788	0.9788	0.98	1.0
583.8	0.24263513159960232	0.047225640124216324	0.0	0.9788	0.9788	0.98	1.0
584.3	0.24237844598467873	0.04690781796966161	0.0	0.9788	0.9788	0.98	1.0
584.9	0.2429707395665506	0.04854481955762514	0.0	0.9788	0.9788	0.98	1.0
585.4	0.24268823895457373	0.048313106091400035	0.0	0.9788	0.9788	0.98	1.0
586.0	0.2431078988125968	0.048525159051474843	0.0	0.9788	0.9788	0.98	1.0
586.5	0.2426534918429314	0.048267898383371824	0.0	0.9788	0.9788	0.98	1.0
587.0	0.24295666427620122	0.047868061142397424	0.0	0.9788	0.9788	0.98	1.0
587.6	0.2426102076301524	0.04794992534742162	0.0	0.9788	0.9788	0.98	1.0
588.1	0.24260505915952674	0.04849144100303429	0.0	0.9788	0.9788	0.98	1.0
588.6	0.24253236823325516	0.04839356279709066	0.0	0.9788	0.9788	0.98	1.0
589.2	0.24289129660715195	0.04820102798400914	0.0	0.9788	0.9788	0.98	1.0
589.7	0.24241962517141552	0.049053159936116815	0.0	0.9788	0.9788	0.98	1.0
590.2	0.24303476275057093	0.048636027108605276	0.0	0.9788	0.9788	0.98	1.0
590.8	0.242050187950828	0.0487248245563987	0.0	0.9788	0.9788	0.98	1.0
591.3	0.24292177095511616	0.04870389402763504	0.0	0.9788	0.9788	0.98	1.0
591.9	0.2422177009155646	0.04926923955240923	0.0	0.9788	0.9788	0.98	1.0
592.4	0.24265117937745173	0.04944206008583691	0.0	0.9788	0.9788	0.98	1.0
592.9	0.2421938775510204	0.04944708646078038	0.0	0.9788	0.9788	0.98	1.0
593.5	0.2424815875613748	0.049273531269740996	0.0	0.9788	0.9788	0.98	1.0
594.0	0.24289670735460048	0.04924547863149407	0.0	0.9788	0.9788	0.98	1.0
594.5	0.24293059125964012	0.04954382723178196	0.0	0.9788	0.9788	0.98	1.0
595.1	0.24295156459774864	0.04952160046390258	0.0	0.9788	0.9788	0.98	1.0
595.6	0.24256886444986253	0.049638778839431366	0.0	0.9788	0.9788	0.98	1.0
596.1	0.24294108470698353	0.05012267788293025	0.0	0.9788	0.9788	0.98	1.0
596.7	0.24223926540407992	0.050342445706257684	0.0	0.9788	0.9788	0.98	1.0
597.2	0.24322344322344322	0.05003233582221177	0.0	0.9788	0.9788	0.98	1.0
597.7	0.24261193638129233	0.05034486824264576	0.0	0.9788	0.9788	0.98	1.0
598.3	0.2430142609061727	0.051045728465083304	0.0	0.9788	0.9788	0.98	1.0
598.8	0.2424162490108151	0.05075510808409831	0.0	0.9788	0.9788	0.98	1.0
599.3	0.24263302946788212	0.051175245462659925	0.0	0.9788	0.9788	0.98	1.0
599.9	0.24297274275979558	0.05089408528198074	0.0	0.9788	0.9788	0.98	1.0
600.4	0.24248732319188684	0.050818002037514236	0.0	0.9788	0.9788	0.98	1.0
601.0	0.24263014284949977	0.05107866113815276	0.0	0.9788	0.9788	0.98	1.0
601.5	0.2427392562426321	0.050757757998556655	0.0	0.9788	0.9788	0.98	1.0
602.0	0.2432606594350768	0.052228454254870035	0.0	0.9788	0.9788	0.98	1.0
602.6	0.24315472994738538	0.051835332409137486	0.0	0.9788	0.9788	0.98	1.0
603.1	0.2422680412371134	0.05112745689135415	0.0	0.9788	0.9788	0.98	1.0
603.6	0.2429981757699324	0.05211785262396819	0.0	0.9788	0.9788	0.98	1.0
604.2	0.2425268817204301	0.05192923132661071	0.0	0.9788	0.9788	0.98	1.0
604.7	0.24217577706323687	0.05151661049590756	0.0	0.9788	0.9788	0.98	1.0
605.2	0.242526518804243	0.0519605484724561	0.0	0.9788	0.9788	0.98	1.0
605.8	0.24292818565852092	0.052100840336134456	0.0	0.9788	0.9788	0.98	1.0
606.3	0.24234503360716952	0.05158159597411934	0.0	0.9788	0.9788	0.98	1.0
606.8	0.24304593413620376	0.052754491017964075	0.0	0.9788	0.9788	0.98	1.0
607.4	0.2428291182864111	0.05219878441186986	0.0	0.9788	0.9788	0.98	1.0
607.9	0.2428646934460888	0.05206910882859348	0.0	0.9788	0.9788	0.98	1.0
608.4	0.24298130102712667	0.052086416099437705	0.0	0.9788	0.9788	0.98	1.0
609.0	0.24232243162370729	0.0527122641509434	0.0	0.9788	0.9788	0.98	1.0
609.5	0.24241155536947875	0.05287613221973885	0.0	0.9788	0.9788	0.98	1.0
610.0	0.24300380426285892	0.05310979541590949	0.0	0.9788	0.9788	0.98	1.0
610.6	0.24265890546229407	0.052591597031496524	0.0	0.9788	0.9788	0.98	1.0
611.1	0.24274856522413527	0.053527839125886316	0.0	0.9788	0.9788	0.98	1.0
611.6	0.2435390227611365	0.05393232474881626	0.0	0.9788	0.9788	0.98	1.0
612.2	0.2427855096193205	0.05318231472431438	0.0	0.9788	0.9788	0.98	1.0
612.7	0.24298970123381258	0.05366049418104684	0.0	0.9788	0.9788	0.98	1.0
613.2	0.2425747592498733	0.05349512903777132	0.0	0.9788	0.9788	0.98	1.0
613.8	0.24283483604493022	0.05446721775563356	0.0	0.9788	0.9788	0.98	1.0
614.3	0.24261096082556857	0.05367804438436409	0.0	0.9788	0.9788	0.98	1.0
614.8	0.24204902890808327	0.05387035164588248	0.0	0.9788	0.9788	0.98	1.0
615.4	0.24280833787196118	0.05499276410998553	0.0	0.9788	0.9788	0.98	1.0
615.9	0.2427967351755335	0.05398528679683611	0.0	0.9788	0.9788	0.98	1.0
616.4	0.24358661128756415	0.054489470500907244	0.0	0.9788	0.9788	0.98	1.0
617.0	0.24314868804664724	0.05412202055543407	0.0	0.9788	0.9788	0.98	1.0
617.5	0.24308243034055727	0.05500190600664379	0.0	0.9788	0.9788	0.98	1.0
618.0	0.24297988767820286	0.05472717450027013	0.0	0.9788	0.9788	0.98	1.0
618.6	0.24287072243346008	0.055427868940082316	0.0	0.9788	0.9788	0.98	1.0
619.1	0.24302901627742393	0.054122890799108564	0.0	0.9788	0.9788	0.98	1.0
619.6	0.24347662849633941	0.055250369744348195	0.0	0.9788	0.9788	0.98	1.0
620.2	0.24303491827637444	0.05435918879364415	0.0	0.9788	0.9788	0.98	1.0
620.7	0.24286109064112013	0.05500829531314807	0.0	0.9788	0.9788	0.98	1.0
621.2	0.2428839036871202	0.0552869779880683	0.0	0.9788	0.9788	0.98	1.0
621.8	0.24358566822578448	0.055447570332480815	0.0	0.9788	0.9788	0.98	1.0
622.3	0.2433468651330627	0.05518573098226536	0.0	0.9788	0.9788	0.98	1.0
622.8	0.24331466965285553	0.05533158637371498	0.0	0.9788	0.9788	0.98	1.0
623.4	0.2427673516694156	0.05530462712034528	0.0	0.9788	0.9788	0.98	1.0
623.9	0.24355275422788406	0.05584973523828554	0.0	0.9788	0.9788	0.98	1.0
624.4	0.24335911602209945	0.05588454839512316	0.0	0.9788	0.9788	0.98	1.0
625.0	0.24315868329440796	0.05606549243363929	0.0	0.9788	0.9788	0.98	1.0
625.5	0.24292193210338603	0.056098407817072565	0.0	0.9788	0.9788	0.98	1.0
626.0	0.24316483516483517	0.05588278968470029	0.0	0.9788	0.9788	0.98	1.0
626.6	0.24375685758174237	0.05670535934798716	0.0	0.9788	0.9788	0.98	1.0
627.1	0.24319929685783345	0.05652625847646389	0.0	0.9788	0.9788	0.98	1.0
627.6	0.2437439634735271	0.056465581234225765	0.0	0.9788	0.9788	0.98	1.0
628.2	0.24304976063946593	0.05641330166270784	0.0	0.9788	0.9788	0.98	1.0
628.7	0.2432610413556941	0.05664014234171898	0.0	0.9788	0.9788	0.98	1.0
629.2	0.24312571378371256	0.056946368493963985	0.0	0.9788	0.9788	0.98	1.0
629.8	0.2433836804791052	0.05664120622954072	0.0	0.9788	0.9788	0.98	1.0
630.3	0.24325040873138615	0.057017762077715306	0.0	0.9788	0.9788	0.98	1.0
630.8	0.24319539721177252	0.057272455388296284	0.0	0.9788	0.9788	0.98	1.0
631.4	0.24332133173311998	0.057597916457978564	0.0	0.9788	0.9788	0.98	1.0
631.9	0.24313340181322854	0.057254980881465085	0.0	0.9788	0.9788	0.98	1.0
632.4	0.24308575014568112	0.05744164898454077	0.0	0.9788	0.9788	0.98	1.0
632.9	0.2434077079107505	0.05758391306555629	0.0	0.9788	0.9788	0.98	1.0
633.5	0.2434133091896786	0.05771682047621476	0.0	0.9788	0.9788	0.98	1.0
634.0	0.24286233860701945	0.05773955773955774	0.0	0.9788	0.9788	0.98	1.0
634.5	0.2431268328445748	0.05747482571649884	0.0	0.9788	0.9788	0.98	1.0
635.1	0.24339110845478368	0.058631753260194576	0.0	0.9788	0.9788	0.98	1.0
635.6	0.2431884191600203	0.058142553081036184	0.0	0.9788	0.9788	0.98	1.0
636.1	0.24314925580748364	0.05824026719549107	0.0	0.9788	0.9788	0.98	1.0
636.7	0.2424780414875724	0.05779555742709759	0.0	0.9788	0.9788	0.98	1.0
637.2	0.24301125703564727	0.05873653074160152	0.0	0.9788	0.9788	0.98	1.0
637.7	0.24300518134715027	0.058701767422111355	0.0	0.9788	0.9788	0.98	1.0
638.3	0.2435539575152576	0.059093088932701016	0.0	0.9788	0.9788	0.98	1.0
638.8	0.24343732166634963	0.05940328887460496	0.0	0.9788	0.9788	0.98	1.0
639.3	0.24347909017214248	0.0593384169262163	0.0	0.9788	0.9788	0.98	1.0
639.8	0.24367331288343558	0.05965234290649968	0.0	0.9788	0.9788	0.98	1.0
640.4	0.24341725927349606	0.05951478392721759	0.0	0.9788	0.9788	0.98	1.0
640.9	0.24362619885295678	0.059465623981753014	0.0	0.9788	0.9788	0.98	1.0
641.4	0.24330324822626576	0.05966742745353766	0.0	0.9788	0.9788	0.98	1.0
642.0	0.24344877694356987	0.0599312264614377	0.0	0.9788	0.9788	0.98	1.0
642.5	0.24253314554902627	0.05963453331874385	0.0	0.9788	0.9788	0.98	1.0
643.0	0.24289116803577504	0.059721918108167286	0.0	0.9788	0.9788	0.98	1.0
643.6	0.24349433338197382	0.06020396973352341	0.0	0.9788	0.9788	0.98	1.0
644.1	0.24338804734304223	0.05949832592348647	0.0	0.9788	0.9788	0.98	1.0
644.6	0.24330639665076428	0.06015903482314231	0.0	0.9788	0.9788	0.98	1.0
645.1	0.24367860978229033	0.06041265474552957	0.0	0.9788	0.9788	0.98	1.0
645.7	0.24306299289261027	0.06022708573309199	0.0	0.9788	0.9788	0.98	1.0
646.2	0.24309042164270045	0.060187984389600394	0.0	0.9788	0.9788	0.98	1.0
646.7	0.2428919182083739	0.0608686115376179	0.0	0.9788	0.9788	0.98	1.0
647.3	0.2436852095196379	0.06103183315038419	0.0	0.9788	0.9788	0.98	1.0
647.8	0.2436880947756846	0.060922874815260826	0.0	0.9788	0.9788	0.98	1.0
648.3	0.24347404172731685	0.06098428860787212	0.0	0.9788	0.9788	0.98	1.0
648.9	0.2432837988285977	0.061456172906887895	0.0	0.9788	0.9788	0.98	1.0
649.4	0.24329677762210736	0.061178906079755936	0.0	0.9788	0.9788	0.98	1.0
649.9	0.2435340667824744	0.06131664853101197	0.0	0.9788	0.9788	0.98	1.0
650.4	0.24356816542438087	0.06141159876308794	0.0	0.9788	0.9788	0.98	1.0
651.0	0.2437574886173017	0.061770428015564205	0.0	0.9788	0.9788	0.98	1.0
651.5	0.2436075132629164	0.061903478026422216	0.0	0.9788	0.9788	0.98	1.0
652.0	0.24340287701247976	0.061660036555209116	0.0	0.9788	0.9788	0.98	1.0
652.6	0.24347908564924595	0.061877743282303825	0.0	0.9788	0.9788	0.98	1.0
653.1	0.24350004727238347	0.06252000426757709	0.0	0.9788	0.9788	0.98	1.0
653.6	0.24335012475872134	0.062204515272244354	0.0	0.9788	0.9788	0.98	1.0
654.1	0.2436500470366886	0.06268910239396995	0.0	0.9788	0.9788	0.98	1.0
654.7	0.24352258909363014	0.06222269173885485	0.0	0.9788	0.9788	0.98	1.0
655.2	0.24323190904431294	0.06278923012200252	0.0	0.9788	0.9788	0.98	1.0
655.7	0.24397268546476517	0.06281459731543625	0.0	0.9788	0.9788	0.98	1.0
656.3	0.2433183565704757	0.06272888981898085	0.0	0.9788	0.9788	0.98	1.0
656.8	0.24338770620219335	0.06356637536412817	0.0	0.9788	0.9788	0.98	1.0
657.3	0.24387666007995956	0.06297046150651509	0.0	0.9788	0.9788	0.98	1.0
657.8	0.24305396621961825	0.06311106512855	0.0	0.9788	0.9788	0.98	1.0
658.4	0.24372580277841038	0.0635386119257087	0.0	0.9788	0.9788	0.98	1.0
658.9	0.24317336478272703	0.06395736175882745	0.0	0.9788	0.9788	0.98	1.0
659.4	0.24350192787480154	0.06398565573770491	0.0	0.9788	0.9788	0.98	1.0
659.9	0.24360596475372798	0.0634961176951369	0.0	0.9788	0.9788	0.98	1.0
660.5	0.24352845675115	0.06409864465504943	0.0	0.9788	0.9788	0.98	1.0
661.0	0.24343675417661098	0.06410386965376783	0.0	0.9788	0.9788	0.98	1.0
661.5	0.24376208245290654	0.06407648494711148	0.0	0.9788	0.9788	0.98	1.0
662.1	0.24386303460036798	0.0643704981231612	0.0	0.9788	0.9788	0.98	1.0
662.6	0.2439417693169093	0.06398500430619586	0.0	0.9788	0.9788	0.98	1.0
663.1	0.2438380675464102	0.06437246963562752	0.0	0.9788	0.9788	0.98	1.0
663.6	0.24391333482242572	0.0649088245693792	0.0	0.9788	0.9788	0.98	1.0
664.2	0.2434895251708581	0.06478673943804326	0.0	0.9788	0.9788	0.98	1.0
664.7	0.2435302516509013	0.0653040625788544	0.0	0.9788	0.9788	0.98	1.0
665.2	0.24327334283677834	0.06514297221103504	0.0	0.9788	0.9788	0.98	1.0
665.7	0.24389047449161613	0.06552246340232205	0.0	0.9788	0.9788	0.98	1.0
666.3	0.24373047746541723	0.06496590047991917	0.0	0.9788	0.9788	0.98	1.0
666.8	0.2434425130702891	0.06531417585753314	0.0	0.9788	0.9788	0.98	1.0
667.3	0.24350779957985072	0.06488839398694134	0.0	0.9788	0.9788	0.98	1.0
667.8	0.24343046120843762	0.06587462082912032	0.0	0.9788	0.9788	0.98	1.0
668.4	0.24335332557514994	0.0660081053698075	0.0	0.9788	0.9788	0.98	1.0
668.9	0.24329527647190508	0.0659368506411231	0.0	0.9788	0.9788	0.98	1.0
669.4	0.2433959725523613	0.06591451948975961	0.0	0.9788	0.9788	0.98	1.0
669.9	0.2437137330754352	0.0658042171742895	0.0	0.9788	0.9788	0.98	1.0
670.5	0.24353778258128433	0.06664626995053796	0.0	0.9788	0.9788	0.98	1.0
671.0	0.24375957465981796	0.06638410866567941	0.0	0.9788	0.9788	0.98	1.0
671.5	0.24323471044560707	0.06664283525686855	0.0	0.9788	0.9788	0.98	1.0
672.0	0.2434278991900819	0.06642388182191218	0.0	0.9788	0.9788	0.98	1.0
672.6	0.2435263706861367	0.06648156717569027	0.0	0.9788	0.9788	0.98	1.0
673.1	0.2438670475672244	0.06699917729329494	0.0	0.9788	0.9788	0.98	1.0
673.6	0.243631079424186	0.06698613902200237	0.0	0.9788	0.9788	0.98	1.0
674.1	0.24369939041033573	0.06670452785378699	0.0	0.9788	0.9788	0.98	1.0
674.7	0.24349569417232422	0.06680444329630586	0.0	0.9788	0.9788	0.98	1.0
675.2	0.24327287678742748	0.06710226094171334	0.0	0.9788	0.9788	0.98	1.0
675.7	0.24373430723579093	0.06713286713286713	0.0	0.9788	0.9788	0.98	1.0
676.2	0.24334478808705612	0.06749869994799793	0.0	0.9788	0.9788	0.98	1.0
676.8	0.24382532190807862	0.06777719937532535	0.0	0.9788	0.9788	0.98	1.0
677.3	0.2435314122891677	0.06831584990344972	0.0	0.9788	0.9788	0.98	1.0
677.8	0.2435738262748885	0.06893310355632148	0.0	0.9788	0.9788	0.98	1.0
678.3	0.2435613403489338	0.068146049732452	0.0	0.9788	0.9788	0.98	1.0
678.9	0.24353049907578558	0.06829754842773898	0.0	0.9788	0.9788	0.98	1.0
679.4	0.24330832638695934	0.06801683324566019	0.0	0.9788	0.9788	0.98	1.0
679.9	0.2428273464658169	0.06861144752777631	0.0	0.9788	0.9788	0.98	1.0
680.4	0.2433663274315721	0.06843162122172902	0.0	0.9788	0.9788	0.98	1.0
681.0	0.24355514192647743	0.0691005291005291	0.0	0.9788	0.9788	0.98	1.0
681.5	0.2433062785707622	0.06879541717498541	0.0	0.9788	0.9788	0.98	1.0
682.0	0.2437713270696022	0.06919844689112281	0.0	0.9788	0.9788	0.98	1.0
682.5	0.24350224382946897	0.06932851294593013	0.0	0.9788	0.9788	0.98	1.0
683.1	0.24325842696629213	0.06947032206547778	0.0	0.9788	0.9788	0.98	1.0
683.6	0.24336511813612663	0.06928788931032641	0.0	0.9788	0.9788	0.98	1.0
684.1	0.24323562570462232	0.06903553299492386	0.0	0.9788	0.9788	0.98	1.0
684.6	0.24370380831332675	0.06915207027692967	0.0	0.9788	0.9788	0.98	1.0
685.1	0.24366031521994824	0.06957963418547439	0.0	0.9788	0.9788	0.98	1.0
685.7	0.2432929416757037	0.06943327435526245	0.0	0.9788	0.9788	0.98	1.0
686.2	0.24362779740871612	0.06959177113468339	0.0	0.9788	0.9788	0.98	1.0
686.7	0.24332484196622323	0.06988468758380263	0.0	0.9788	0.9788	0.98	1.0
687.2	0.24358490566037735	0.07027229845626072	0.0	0.9788	0.9788	0.98	1.0
687.8	0.24372963015445656	0.07008115225452786	0.0	0.9788	0.9788	0.98	1.0
688.3	0.2434844192634561	0.07032884501904405	0.0	0.9788	0.9788	0.98	1.0
688.8	0.2434733257661748	0.07007636872109282	0.0	0.9788	0.9788	0.98	1.0
689.3	0.24316526345662662	0.07032636163234582	0.0	0.9788	0.9788	0.98	1.0
689.8	0.24352062050699963	0.07078742273582371	0.0	0.9788	0.9788	0.98	1.0
690.4	0.24368077250781028	0.07115943589191517	0.0	0.9788	0.9788	0.98	1.0
690.9	0.243201059452301	0.07129808725553406	0.0	0.9788	0.9788	0.98	1.0
691.4	0.243511090136857	0.07157781944816502	0.0	0.9788	0.9788	0.98	1.0
691.9	0.24348114145094885	0.0711941021363612	0.0	0.9788	0.9788	0.98	1.0
692.4	0.24339123867069487	0.07107987768896519	0.0	0.9788	0.9788	0.98	1.0
693.0	0.24322282044016247	0.0710567273117587	0.0	0.9788	0.9788	0.98	1.0
693.5	0.24307590509499952	0.07152445900230897	0.0	0.9788	0.9788	0.98	1.0
694.0	0.24347292384684388	0.07196096305431926	0.0	0.9788	0.9788	0.98	1.0
694.5	0.24382759760185055	0.0718726551613249	0.0	0.9788	0.9788	0.98	1.0
695.1	0.24343191358898164	0.07163922998552201	0.0	0.9788	0.9788	0.98	1.0
695.6	0.24354678873106508	0.07181164861096213	0.0	0.9788	0.9788	0.98	1.0
696.1	0.24350082566643078	0.07213677045929578	0.0	0.9788	0.9788	0.98	1.0
696.6	0.24317313587699854	0.07172339855266685	0.0	0.9788	0.9788	0.98	1.0
697.1	0.24310434249611015	0.07186880325848116	0.0	0.9788	0.9788	0.98	1.0
697.7	0.24326873202244542	0.07266881028938907	0.0	0.9788	0.9788	0.98	1.0
698.2	0.24341794847598378	0.07228657228657229	0.0	0.9788	0.9788	0.98	1.0
698.7	0.2435377358490566	0.07273409444176449	0.0	0.9788	0.9788	0.98	1.0
699.2	0.24329167649139355	0.07270387646774971	0.0	0.9788	0.9788	0.98	1.0
699.7	0.24315149229100855	0.0729903536977492	0.0	0.9788	0.9788	0.98	1.0
700.3	0.24337873628452517	0.07351281637917137	0.0	0.9788	0.9788	0.98	1.0
700.8	0.24355517714393832	0.07283877561999032	0.0	0.9788	0.9788	0.98	1.0
701.3	0.24336115326251898	0.07323259579060983	0.0	0.9788	0.9788	0.98	1.0
701.8	0.24307137433561124	0.07338261479523013	0.0	0.9788	0.9788	0.98	1.0
702.3	0.24330357142857142	0.07326027101441451	0.0	0.9788	0.9788	0.98	1.0
702.8	0.24315329022441992	0.07301638812266753	0.0	0.9788	0.9788	0.98	1.0
703.4	0.24352946763546565	0.07355800388852884	0.0	0.9788	0.9788	0.98	1.0
703.9	0.2430691415756072	0.07413437533919462	0.0	0.9788	0.9788	0.98	1.0
704.4	0.2434865900383142	0.07430408018739446	0.0	0.9788	0.9788	0.98	1.0
704.9	0.24340246180372624	0.07356309303086488	0.0	0.9788	0.9788	0.98	1.0
705.4	0.24327956989247312	0.07405789186237029	0.0	0.9788	0.9788	0.98	1.0
706.0	0.24318718950465443	0.07447684956335475	0.0	0.9788	0.9788	0.98	1.0
706.5	0.24344044455182412	0.07424133942831966	0.0	0.9788	0.9788	0.98	1.0
707.0	0.24321316235180257	0.07400264491955036	0.0	0.9788	0.9788	0.98	1.0
707.5	0.24317774223256264	0.07462851461083798	0.0	0.9788	0.9788	0.98	1.0
708.0	0.2435729212227244	0.0745152354570637	0.0	0.9788	0.9788	0.98	1.0
708.5	0.24299839267449222	0.07443023902167871	0.0	0.9788	0.9788	0.98	1.0
709.1	0.24278106219768408	0.07513516526392063	0.0	0.9788	0.9788	0.98	1.0
709.6	0.24311095883706133	0.07572034844762117	0.0	0.9788	0.9788	0.98	1.0
710.1	0.2431251227656649	0.07510103277952403	0.0	0.9788	0.9788	0.98	1.0
710.6	0.24301318638063374	0.0755205402363534	0.0	0.9788	0.9788	0.98	1.0
711.1	0.24285079271003113	0.07543968783577447	0.0	0.9788	0.9788	0.98	1.0
711.7	0.24307205067300078	0.07574468085106383	0.0	0.9788	0.9788	0.98	1.0
712.2	0.24308349475984703	0.07564175698802053	0.0	0.9788	0.9788	0.98	1.0
712.7	0.2431518767089237	0.07641309938846659	0.0	0.9788	0.9788	0.98	1.0
713.2	0.24369328946056437	0.07628238267562755	0.0	0.9788	0.9788	0.98	1.0
713.7	0.24294913392901712	0.07640851161986045	0.0	0.9788	0.9788	0.98	1.0
714.2	0.24265146970605878	0.07563219721080956	0.0	0.9788	0.9788	0.98	1.0
714.8	0.24298504476566798	0.07623917717473415	0.0	0.9788	0.9788	0.98	1.0
715.3	0.24291295201843133	0.07678842338662621	0.0	0.9788	0.9788	0.98	1.0
715.8	0.24298830966835583	0.07649057045800632	0.0	0.9788	0.9788	0.98	1.0
716.3	0.24289301858362633	0.07674651285974927	0.0	0.9788	0.9788	0.98	1.0
716.8	0.24271162627327011	0.0770453207769276	0.0	0.9788	0.9788	0.98	1.0
717.3	0.24288653585587394	0.0773542600896861	0.0	0.9788	0.9788	0.98	1.0
717.8	0.24322557940777237	0.07694133001127128	0.0	0.9788	0.9788	0.98	1.0
718.4	0.24321198712791633	0.07699619771863118	0.0	0.9788	0.9788	0.98	1.0
718.9	0.243140014071766	0.0776000475709104	0.0	0.9788	0.9788	0.98	1.0
719.4	0.24295827684892304	0.07703765490943756	0.0	0.9788	0.9788	0.98	1.0
719.9	0.242299381940606	0.07744087686900578	0.0	0.9788	0.9788	0.98	1.0
720.4	0.24261454983922828	0.07811475898230352	0.0	0.9788	0.9788	0.98	1.0
720.9	0.24247441300421432	0.07857950151686396	0.0	0.9788	0.9788	0.98	1.0
721.4	0.24266144814090018	0.07788032152426318	0.0	0.9788	0.9788	0.98	1.0
722.0	0.2431877379282709	0.0783042987097925	0.0	0.9788	0.9788	0.98	1.0
722.5	0.24247131332364583	0.07842439342706294	0.0	0.9788	0.9788	0.98	1.0
723.0	0.24253189892419313	0.07831539098544896	0.0	0.9788	0.9788	0.98	1.0
723.5	0.2426771968409477	0.078422109365773	0.0	0.9788	0.9788	0.98	1.0
724.0	0.24276591498702854	0.07829160530191458	0.0	0.9788	0.9788	0.98	1.0
724.5	0.24311102236421725	0.07874757224412925	0.0	0.9788	0.9788	0.98	1.0
725.0	0.24256760121507892	0.0786958306456342	0.0	0.9788	0.9788	0.98	1.0
725.6	0.2425131827678838	0.07926116436754735	0.0	0.9788	0.9788	0.98	1.0
726.1	0.24279467302723118	0.07908847184986595	0.0	0.9788	0.9788	0.98	1.0
726.6	0.24252524750012439	0.07884761182714177	0.0	0.9788	0.9788	0.98	1.0
727.1	0.2429572216425697	0.07899179230455788	0.0	0.9788	0.9788	0.98	1.0
727.6	0.2425145240577983	0.07888469358117921	0.0	0.9788	0.9788	0.98	1.0
728.1	0.24301939195556216	0.07868814462857805	0.0	0.9788	0.9788	0.98	1.0
728.6	0.242622625601349	0.07921078516461262	0.0	0.9788	0.9788	0.98	1.0
729.1	0.24262993608482386	0.07947860191486908	0.0	0.9788	0.9788	0.98	1.0
729.7	0.24338519472797543	0.07964499769479022	0.0	0.9788	0.9788	0.98	1.0
730.2	0.24234618052115328	0.07968678028558268	0.0	0.9788	0.9788	0.98	1.0
730.7	0.24228004956629492	0.07976978417266187	0.0	0.9788	0.9788	0.98	1.0
731.2	0.24321513470681458	0.08020222911639664	0.0	0.9788	0.9788	0.98	1.0
731.7	0.24253380218909415	0.08030998851894375	0.0	0.9788	0.9788	0.98	1.0
732.2	0.24338362602028196	0.080370942812983	0.0	0.9788	0.9788	0.98	1.0
732.7	0.242361214282177	0.08053153101552209	0.0	0.9788	0.9788	0.98	1.0
733.2	0.24246928260007927	0.08049199084668192	0.0	0.9788	0.9788	0.98	1.0
733.8	0.24311472161680206	0.08116771608471665	0.0	0.9788	0.9788	0.98	1.0
734.3	0.24281403057438283	0.08084669367261939	0.0	0.9788	0.9788	0.98	1.0
734.8	0.24250654288677104	0.08096728307254623	0.0	0.9788	0.9788	0.98	1.0
735.3	0.242249494800138	0.08094616824550456	0.0	0.9788	0.9788	0.98	1.0
735.8	0.24242573283493998	0.08072459666006226	0.0	0.9788	0.9788	0.98	1.0
736.3	0.24234543670264966	0.08067976513098464	0.0	0.9788	0.9788	0.98	1.0
736.8	0.24234856275402772	0.08029279279279279	0.0	0.9788	0.9788	0.98	1.0
737.3	0.2422761048103246	0.0809900656676208	0.0	0.9788	0.9788	0.98	1.0
737.8	0.24290528989400675	0.0817402029489264	0.0	0.9788	0.9788	0.98	1.0
738.4	0.2424390243902439	0.08149101695863883	0.0	0.9788	0.9788	0.98	1.0
738.9	0.24182783650801384	0.08124720607957085	0.0	0.9788	0.9788	0.98	1.0
739.4	0.2427723157792271	0.08119276301094483	0.0	0.9788	0.9788	0.98	1.0
739.9	0.24215137503042103	0.08150627615062761	0.0	0.9788	0.9788	0.98	1.0
740.4	0.24236391006652747	0.08167917709202113	0.0	0.9788	0.9788	0.98	1.0
740.9	0.24213239943577022	0.08249832999331998	0.0	0.9788	0.9788	0.98	1.0
741.4	0.24220040820293517	0.08154983601089555	0.0	0.9788	0.9788	0.98	1.0
741.9	0.24259808449608633	0.08315268745483853	0.0	0.9788	0.9788	0.98	1.0
742.4	0.24286617082300327	0.08258258258258258	0.0	0.9788	0.9788	0.98	1.0
742.9	0.24156046308006615	0.08274980549071913	0.0	0.9788	0.9788	0.98	1.0
743.4	0.24208883904627237	0.08259028087382969	0.0	0.9788	0.9788	0.98	1.0
744.0	0.24241832299653268	0.0822834206712008	0.0	0.9788	0.9788	0.98	1.0
744.5	0.24223177643150284	0.0829847749707211	0.0	0.9788	0.9788	0.98	1.0
745.0	0.24226097178683387	0.08225301743406348	0.0	0.9788	0.9788	0.98	1.0
745.5	0.2430456753176667	0.08299289271923443	0.0	0.9788	0.9788	0.98	1.0
746.0	0.2423825437389424	0.08300196023522823	0.0	0.9788	0.9788	0.98	1.0
746.5	0.2427131973457852	0.08359930567221009	0.0	0.9788	0.9788	0.98	1.0
747.0	0.2427959213831831	0.08369327424692882	0.0	0.9788	0.9788	0.98	1.0
747.5	0.2425334452288098	0.08338018666366806	0.0	0.9788	0.9788	0.98	1.0
748.0	0.24240928165884967	0.08354871333857737	0.0	0.9788	0.9788	0.98	1.0
748.5	0.2424736764051609	0.08376462646264626	0.0	0.9788	0.9788	0.98	1.0
749.0	0.242326573114494	0.08403835307388607	0.0	0.9788	0.9788	0.98	1.0
749.5	0.24285217045398041	0.08395564607377234	0.0	0.9788	0.9788	0.98	1.0
750.0	0.24244536267237518	0.08439868763434778	0.0	0.9788	0.9788	0.98	1.0
750.5	0.242245347208325	0.0841716396703609	0.0	0.9788	0.9788	0.98	1.0
751.1	0.2420366190117883	0.0844877715067556	0.0	0.9788	0.9788	0.98	1.0
751.6	0.24266961726097672	0.08468571428571428	0.0	0.9788	0.9788	0.98	1.0
752.1	0.24301140377434655	0.08492459430013188	0.0	0.9788	0.9788	0.98	1.0
752.6	0.24254071002326288	0.08495981630309989	0.0	0.9788	0.9788	0.98	1.0
753.1	0.24212019864193776	0.08503909843606255	0.0	0.9788	0.9788	0.98	1.0
753.6	0.24207478154846576	0.08509166378415774	0.0	0.9788	0.9788	0.98	1.0
754.1	0.2422683038671218	0.08531161554900941	0.0	0.9788	0.9788	0.98	1.0
754.6	0.24259173959772762	0.08508909396947008	0.0	0.9788	0.9788	0.98	1.0
755.1	0.24265913757700205	0.08545666084933101	0.0	0.9788	0.9788	0.98	1.0
755.6	0.24198536233378	0.08567259994163992	0.0	0.9788	0.9788	0.98	1.0
756.1	0.24251667269813368	0.08584469541810522	0.0	0.9788	0.9788	0.98	1.0
756.6	0.2426321534383284	0.08603036365776157	0.0	0.9788	0.9788	0.98	1.0
757.1	0.24243213671651123	0.08571597005246713	0.0	0.9788	0.9788	0.98	1.0
757.6	0.24340007318730722	0.08595090209997042	0.0	0.9788	0.9788	0.98	1.0
758.1	0.24226506277249565	0.08594678070800665	0.0	0.9788	0.9788	0.98	1.0
758.6	0.24282922191115103	0.08616671646250373	0.0	0.9788	0.9788	0.98	1.0
759.1	0.2427874416631311	0.08678973867178134	0.0	0.9788	0.9788	0.98	1.0
759.6	0.2428099701746911	0.08654597943104589	0.0	0.9788	0.9788	0.98	1.0
760.1	0.24246311738293777	0.08688564183069677	0.0	0.9788	0.9788	0.98	1.0
760.7	0.24240958675909507	0.08723895094706167	0.0	0.9788	0.9788	0.98	1.0
761.2	0.24276397348137768	0.08694327667093157	0.0	0.9788	0.9788	0.98	1.0
761.7	0.24247825852103927	0.0863300567800232	0.0	0.9788	0.9788	0.98	1.0
762.2	0.24253933803581118	0.08748391839735342	0.0	0.9788	0.9788	0.98	1.0
762.7	0.24262939506442455	0.08715511388185915	0.0	0.9788	0.9788	0.98	1.0
763.2	0.24260290424718856	0.08788906009244993	0.0	0.9788	0.9788	0.98	1.0
763.7	0.24218277738088695	0.0875341445244599	0.0	0.9788	0.9788	0.98	1.0
764.2	0.2424075096631695	0.08823346012346449	0.0	0.9788	0.9788	0.98	1.0
764.7	0.24280405967500415	0.08826843620883937	0.0	0.9788	0.9788	0.98	1.0
765.2	0.24254939167317782	0.08824085154626189	0.0	0.9788	0.9788	0.98	1.0
765.7	0.24219627217606107	0.08868462757527734	0.0	0.9788	0.9788	0.98	1.0
766.2	0.24225352112676057	0.08910765322324547	0.0	0.9788	0.9788	0.98	1.0
766.7	0.24220963172804533	0.08801126544197657	0.0	0.9788	0.9788	0.98	1.0
767.2	0.2426470588235294	0.08895744954364314	0.0	0.9788	0.9788	0.98	1.0
767.7	0.2427022997075185	0.08878111865502748	0.0	0.9788	0.9788	0.98	1.0
768.2	0.24263351749539594	0.08897259384335628	0.0	0.9788	0.9788	0.98	1.0
768.7	0.24242073594075444	0.08842517117704597	0.0	0.9788	0.9788	0.98	1.0
769.2	0.24221614386312051	0.0893349075167257	0.0	0.9788	0.9788	0.98	1.0
769.7	0.24260147385659142	0.08948826167238196	0.0	0.9788	0.9788	0.98	1.0
770.2	0.2425611831680263	0.08972494049193334	0.0	0.9788	0.9788	0.98	1.0
770.7	0.24252237399905793	0.08904518611903656	0.0	0.9788	0.9788	0.98	1.0
771.2	0.24306089838432857	0.08986666666666666	0.0	0.9788	0.9788	0.98	1.0
771.7	0.24292914319596798	0.09025318992584674	0.0	0.9788	0.9788	0.98	1.0
772.2	0.24269127716582317	0.08960525433952148	0.0	0.9788	0.9788	0.98	1.0
772.7	0.24183045582173368	0.09050534957270709	0.0	0.9788	0.9788	0.98	1.0
773.2	0.24262413048692733	0.08982157339821574	0.0	0.9788	0.9788	0.98	1.0
773.7	0.24248075072184794	0.08994780722564902	0.0	0.9788	0.9788	0.98	1.0
774.2	0.24307228915662651	0.09100162866449511	0.0	0.9788	0.9788	0.98	1.0
774.7	0.24323014478706004	0.09017790198350488	0.0	0.9788	0.9788	0.98	1.0
775.2	0.24297017650639074	0.09024256543785117	0.0	0.9788	0.9788	0.98	1.0
775.7	0.2433781891250076	0.09044157981349424	0.0	0.9788	0.9788	0.98	1.0
776.2	0.24281872631707616	0.09115299944964227	0.0	0.9788	0.9788	0.98	1.0
776.7	0.24303812962849625	0.09079636263433452	0.0	0.9788	0.9788	0.98	1.0
777.2	0.24290007973992517	0.0906204707019118	0.0	0.9788	0.9788	0.98	1.0
777.7	0.2433364112034472	0.09186078757626179	0.0	0.9788	0.9788	0.98	1.0
778.2	0.24367205827879984	0.09132578651295228	0.0	0.9788	0.9788	0.98	1.0
778.7	0.243338485316847	0.09198998748435544	0.0	0.9788	0.9788	0.98	1.0
779.2	0.2429802268641914	0.09292591042277103	0.0	0.9788	0.9788	0.98	1.0
779.7	0.24307195228035292	0.09153797777933058	0.0	0.9788	0.9788	0.98	1.0
780.2	0.24221130526708537	0.09225608051439754	0.0	0.9788	0.9788	0.98	1.0
780.7	0.24290791196458633	0.09230553412358841	0.0	0.9788	0.9788	0.98	1.0
781.2	0.24315196998123828	0.0929219090461798	0.0	0.9788	0.9788	0.98	1.0
781.7	0.24388561394707137	0.0925651345054014	0.0	0.9788	0.9788	0.98	1.0
782.2	0.24292793075330865	0.09262000422922394	0.0	0.9788	0.9788	0.98	1.0
782.6	0.2432245488272653	0.09252316615972271	0.0	0.9788	0.9788	0.98	1.0
783.1	0.2429994954591322	0.09316505955757232	0.0	0.9788	0.9788	0.98	1.0
783.6	0.2431050804670243	0.09364145459700858	0.0	0.9788	0.9788	0.98	1.0
784.1	0.2433594738173539	0.09303648908172701	0.0	0.9788	0.9788	0.98	1.0
784.6	0.24297646165527714	0.09330773060237536	0.0	0.9788	0.9788	0.98	1.0
785.1	0.24330145056058783	0.09353850537864215	0.0	0.9788	0.9788	0.98	1.0
785.6	0.24349148033191867	0.09351185812976284	0.0	0.9788	0.9788	0.98	1.0
786.1	0.24274003939759803	0.09375223134594787	0.0	0.9788	0.9788	0.98	1.0
786.6	0.24333609008206628	0.09415468269299564	0.0	0.9788	0.9788	0.98	1.0
787.1	0.24334818586887333	0.09390645115148047	0.0	0.9788	0.9788	0.98	1.0
787.6	0.24294110131595759	0.09354583961519133	0.0	0.9788	0.9788	0.98	1.0
788.1	0.24310311719900146	0.09393895767348114	0.0	0.9788	0.9788	0.98	1.0
788.6	0.24296429258285787	0.09475806451612903	0.0	0.9788	0.9788	0.98	1.0
789.1	0.24262907171366035	0.09418562657999277	0.0	0.9788	0.9788	0.98	1.0
789.6	0.24334797210023248	0.09457105530555959	0.0	0.9788	0.9788	0.98	1.0
790.1	0.24378881987577639	0.09494038964815353	0.0	0.9788	0.9788	0.98	1.0
790.6	0.2433326844461748	0.09486655971999416	0.0	0.9788	0.9788	0.98	1.0
791.1	0.24289153490793156	0.0951998832798366	0.0	0.9788	0.9788	0.98	1.0
791.6	0.24276024002087138	0.0947638227755401	0.0	0.9788	0.9788	0.98	1.0
792.0	0.2432290642009312	0.09554327808471455	0.0	0.9788	0.9788	0.98	1.0
792.5	0.24349944045816602	0.09566760313470353	0.0	0.9788	0.9788	0.98	1.0
793.0	0.24279672217816547	0.09512502782518364	0.0	0.9788	0.9788	0.98	1.0
793.5	0.2442940552016985	0.09494708600387539	0.0	0.9788	0.9788	0.98	1.0
794.0	0.24356501496508148	0.09580659603044321	0.0	0.9788	0.9788	0.98	1.0
794.5	0.24370028741394292	0.09657811796488068	0.0	0.9788	0.9788	0.98	1.0
795.0	0.24343611148512184	0.09539274924471298	0.0	0.9788	0.9788	0.98	1.0
795.5	0.24288796009168126	0.09596188747731398	0.0	0.9788	0.9788	0.98	1.0
796.0	0.24359322033898306	0.09571308916469962	0.0	0.9788	0.9788	0.98	1.0
796.5	0.24312363834422657	0.09633307868601987	0.0	0.9788	0.9788	0.98	1.0
797.0	0.243524736192956	0.09619377162629758	0.0	0.9788	0.9788	0.98	1.0
797.5	0.2430962054954893	0.09724799010513296	0.0	0.9788	0.9788	0.98	1.0
798.0	0.24333310244510634	0.09587123862841147	0.0	0.9788	0.9788	0.98	1.0
798.4	0.24286412171121502	0.09704179057755517	0.0	0.9788	0.9788	0.98	1.0
798.9	0.24348985751386257	0.09647948334252185	0.0	0.9788	0.9788	0.98	1.0
799.4	0.2428591628959276	0.0971451229183188	0.0	0.9788	0.9788	0.98	1.0
799.9	0.24386252045826515	0.09754929352598388	0.0	0.9788	0.9788	0.98	1.0
800.4	0.2435603892386949	0.09795427196149217	0.0	0.9788	0.9788	0.98	1.0
800.9	0.24344758064516128	0.09699321047526673	0.0	0.9788	0.9788	0.98	1.0
801.4	0.24389357371328874	0.0970429668354844	0.0	0.9788	0.9788	0.98	1.0
801.9	0.24304131262818635	0.09732620320855614	0.0	0.9788	0.9788	0.98	1.0
802.4	0.243516808274843	0.09715894972252133	0.0	0.9788	0.9788	0.98	1.0
802.9	0.24370436596632394	0.09793426444760392	0.0	0.9788	0.9788	0.98	1.0
803.3	0.2426222122099572	0.09800454660267745	0.0	0.9788	0.9788	0.98	1.0
803.8	0.24412009377599636	0.097809475292919	0.0	0.9788	0.9788	0.98	1.0
804.3	0.24418250950570342	0.0986095709289431	0.0	0.9788	0.9788	0.98	1.0
804.8	0.24326605786202132	0.09918993450534298	0.0	0.9788	0.9788	0.98	1.0
805.3	0.244008040822638	0.09823983352120004	0.0	0.9788	0.9788	0.98	1.0
805.8	0.24253789654633537	0.09803749780970737	0.0	0.9788	0.9788	0.98	1.0
806.3	0.24481916318651012	0.09890498057223596	0.0	0.9788	0.9788	0.98	1.0
806.8	0.24343410299135126	0.09919857524487978	0.0	0.9788	0.9788	0.98	1.0
807.2	0.24355690731551144	0.10029630959863518	0.0	0.9788	0.9788	0.98	1.0
807.7	0.24280299975808403	0.09801792017377138	0.0	0.9788	0.9788	0.98	1.0
808.2	0.24330048057342998	0.09809114987670108	0.0	0.9788	0.9788	0.98	1.0
808.7	0.24364649942613542	0.09900625690099374	0.0	0.9788	0.9788	0.98	1.0
809.2	0.243491197619638	0.09925788497217068	0.0	0.9788	0.9788	0.98	1.0
809.7	0.24387193596798398	0.09901731399157698	0.0	0.9788	0.9788	0.98	1.0
810.2	0.243656528314569	0.09972690460495338	0.0	0.9788	0.9788	0.98	1.0
810.7	0.24461955600745636	0.09913588453138353	0.0	0.9788	0.9788	0.98	1.0
811.1	0.24399213204481313	0.09958784625706892	0.0	0.9788	0.9788	0.98	1.0
811.6	0.2444176222088111	0.09918793503480279	0.0	0.9788	0.9788	0.98	1.0
812.1	0.24424363541576158	0.10091564387297876	0.0	0.9788	0.9788	0.98	1.0
812.6	0.24362680683311433	0.10072648733555861	0.0	0.9788	0.9788	0.98	1.0
813.1	0.24397776405188387	0.10013866877971474	0.0	0.9788	0.9788	0.98	1.0
813.6	0.2432600765192633	0.10046892148059464	0.0	0.9788	0.9788	0.98	1.0
814.1	0.24403111866225521	0.1000100210441928	0.0	0.9788	0.9788	0.98	1.0
814.5	0.24423215573179524	0.100555275113579	0.0	0.9788	0.9788	0.98	1.0
815.0	0.24398656621584824	0.10013215411202603	0.0	0.9788	0.9788	0.98	1.0
815.5	0.24386222059362403	0.10063668104333538	0.0	0.9788	0.9788	0.98	1.0
816.0	0.24500322372662797	0.10079520809666426	0.0	0.9788	0.9788	0.98	1.0
816.5	0.24365293406491212	0.10083333333333333	0.0	0.9788	0.9788	0.98	1.0
817.0	0.24363534256832647	0.10065003145313482	0.0	0.9788	0.9788	0.98	1.0
817.4	0.24373940877424213	0.10080134964150148	0.0	0.9788	0.9788	0.98	1.0
817.9	0.2431740614334471	0.10131690739167375	0.0	0.9788	0.9788	0.98	1.0
818.4	0.24280936454849497	0.10192719486081371	0.0	0.9788	0.9788	0.98	1.0
818.9	0.24391651437914783	0.1006581076707304	0.0	0.9788	0.9788	0.98	1.0
819.4	0.24463353316573197	0.10199220441749675	0.0	0.9788	0.9788	0.98	1.0
819.9	0.24381934981506717	0.10202746893394375	0.0	0.9788	0.9788	0.98	1.0
820.3	0.24403131115459883	0.10142387732749178	0.0	0.9788	0.9788	0.98	1.0
820.8	0.24438534278959811	0.101137241912333	0.0	0.9788	0.9788	0.98	1.0
821.3	0.2447019211725094	0.10193905817174516	0.0	0.9788	0.9788	0.98	1.0
821.8	0.24362041467304626	0.10313301371390345	0.0	0.9788	0.9788	0.98	1.0
822.3	0.24379708689100954	0.10189866307156499	0.0	0.9788	0.9788	0.98	1.0
822.7	0.24457673292301482	0.10284488597877625	0.0	0.9788	0.9788	0.98	1.0
823.2	0.24381589618815896	0.10351473922902495	0.0	0.9788	0.9788	0.98	1.0
823.7	0.24407124681933842	0.10256410256410256	0.0	0.9788	0.9788	0.98	1.0
824.2	0.24416700777732298	0.10219981668194317	0.0	0.9788	0.9788	0.98	1.0
824.7	0.24441470194584577	0.10285319834330418	0.0	0.9788	0.9788	0.98	1.0
825.2	0.24474365613671673	0.10338041213243807	0.0	0.9788	0.9788	0.98	1.0
825.6	0.24378057666285	0.10412299091544375	0.0	0.9788	0.9788	0.98	1.0
826.1	0.24492146596858638	0.10287921348314606	0.0	0.9788	0.9788	0.98	1.0
826.6	0.2450414524084374	0.10460742830277386	0.0	0.9788	0.9788	0.98	1.0
827.1	0.24463927326502588	0.10332190566260788	0.0	0.9788	0.9788	0.98	1.0
827.6	0.2446706967865097	0.10319060609654845	0.0	0.9788	0.9788	0.98	1.0
828.0	0.24454613174417367	0.10314061384725197	0.0	0.9788	0.9788	0.98	1.0
828.5	0.24407431133888532	0.10380169228935765	0.0	0.9788	0.9788	0.98	1.0
829.0	0.24396782841823056	0.10459397864939426	0.0	0.9788	0.9788	0.98	1.0
829.5	0.24397071490094746	0.10418671799807508	0.0	0.9788	0.9788	0.98	1.0
829.9	0.2445381786718581	0.10466521634034325	0.0	0.9788	0.9788	0.98	1.0
830.4	0.24500217296827467	0.10454103933948519	0.0	0.9788	0.9788	0.98	1.0
830.9	0.24429148912924725	0.10488400488400489	0.0	0.9788	0.9788	0.98	1.0
831.4	0.24523965856861457	0.10329213070615592	0.0	0.9788	0.9788	0.98	1.0
831.9	0.24389707499450186	0.10491400491400492	0.0	0.9788	0.9788	0.98	1.0
832.3	0.2443633952254642	0.10358467243510507	0.0	0.9788	0.9788	0.98	1.0
832.8	0.24430871737923376	0.10471464019851116	0.0	0.9788	0.9788	0.98	1.0
833.3	0.24404894327030033	0.10441267868241144	0.0	0.9788	0.9788	0.98	1.0
833.8	0.24492074123688323	0.10497375656085979	0.0	0.9788	0.9788	0.98	1.0
834.2	0.24495967741935484	0.10527631907976995	0.0	0.9788	0.9788	0.98	1.0
834.7	0.2446390479398226	0.10561262841393135	0.0	0.9788	0.9788	0.98	1.0
835.2	0.24413886384129846	0.10629722921914357	0.0	0.9788	0.9788	0.98	1.0
835.7	0.24471094015160086	0.10614101592115238	0.0	0.9788	0.9788	0.98	1.0
836.1	0.24475683029135017	0.10584958217270195	0.0	0.9788	0.9788	0.98	1.0
836.6	0.24508355121064	0.10620707199185958	0.0	0.9788	0.9788	0.98	1.0
837.1	0.24500285551113649	0.1061089146792501	0.0	0.9788	0.9788	0.98	1.0
837.6	0.24369844179651695	0.1052159425861848	0.0	0.9788	0.9788	0.98	1.0
838.0	0.24531555351189793	0.10597302504816955	0.0	0.9788	0.9788	0.98	1.0
838.5	0.24428538443777417	0.10708295703780157	0.0	0.9788	0.9788	0.98	1.0
839.0	0.24505380076362374	0.10766446943259661	0.0	0.9788	0.9788	0.98	1.0
839.5	0.24394764276612996	0.10535182065569522	0.0	0.9788	0.9788	0.98	1.0
839.9	0.24497151494012323	0.10658185122679475	0.0	0.9788	0.9788	0.98	1.0
840.4	0.24417792268281321	0.1071521456436931	0.0	0.9788	0.9788	0.98	1.0
840.9	0.24433543564587712	0.10724070450097847	0.0	0.9788	0.9788	0.98	1.0
841.4	0.24542682926829268	0.10676296782665791	0.0	0.9788	0.9788	0.98	1.0
841.8	0.24500117619383674	0.10790612298413531	0.0	0.9788	0.9788	0.98	1.0
842.3	0.24427931115829205	0.10877008164340268	0.0	0.9788	0.9788	0.98	1.0
842.8	0.24431818181818182	0.1081116845308985	0.0	0.9788	0.9788	0.98	1.0
843.3	0.24474028289551883	0.10837765957446809	0.0	0.9788	0.9788	0.98	1.0
843.7	0.24466944609886837	0.10752831445702865	0.0	0.9788	0.9788	0.98	1.0
844.2	0.24486137667304014	0.10842569101348645	0.0	0.9788	0.9788	0.98	1.0
844.7	0.24552767439068315	0.10776672937382424	0.0	0.9788	0.9788	0.98	1.0
845.1	0.2447282805157248	0.10813718897108272	0.0	0.9788	0.9788	0.98	1.0
845.6	0.24542168674698794	0.10896830748482805	0.0	0.9788	0.9788	0.98	1.0
846.1	0.24600677637947724	0.10743801652892562	0.0	0.9788	0.9788	0.98	1.0
846.6	0.2447790189412336	0.10843864655523848	0.0	0.9788	0.9788	0.98	1.0
847.0	0.24467696800097335	0.10778850074758733	0.0	0.9788	0.9788	0.98	1.0
847.5	0.24440914090186974	0.10810441437747711	0.0	0.9788	0.9788	0.98	1.0
848.0	0.24499570182979247	0.10967564595931831	0.0	0.9788	0.9788	0.98	1.0
848.4	0.24608363142962872	0.10874965498205906	0.0	0.9788	0.9788	0.98	1.0
848.9	0.24473096950161172	0.10767309560149854	0.0	0.9788	0.9788	0.98	1.0
849.4	0.24597529015350056	0.10865921787709497	0.0	0.9788	0.9788	0.98	1.0
849.8	0.24498997995991983	0.1096140350877193	0.0	0.9788	0.9788	0.98	1.0
850.3	0.24490822227809908	0.10933108487914558	0.0	0.9788	0.9788	0.98	1.0
850.8	0.24510917581724095	0.10979228486646884	0.0	0.9788	0.9788	0.98	1.0
851.3	0.24543610547667344	0.10984794656813983	0.0	0.9788	0.9788	0.98	1.0
851.7	0.2441326530612245	0.10961840788909533	0.0	0.9788	0.9788	0.98	1.0
852.2	0.2460276781137878	0.11012203876525485	0.0	0.9788	0.9788	0.98	1.0
852.7	0.24591429674430576	0.1102135025966532	0.0	0.9788	0.9788	0.98	1.0
853.1	0.24522210743801653	0.1100347021399653	0.0	0.9788	0.9788	0.98	1.0
853.6	0.24515793578577927	0.11132157948419058	0.0	0.9788	0.9788	0.98	1.0
854.1	0.24608355091383813	0.11150131694468832	0.0	0.9788	0.9788	0.98	1.0
854.5	0.24543423991591118	0.11024433323520753	0.0	0.9788	0.9788	0.98	1.0
855.0	0.24637298865734636	0.11240940689247153	0.0	0.9788	0.9788	0.98	1.0
855.5	0.246449900464499	0.11076419863217365	0.0	0.9788	0.9788	0.98	1.0
855.9	0.24492250133618385	0.1098621103117506	0.0	0.9788	0.9788	0.98	1.0
856.4	0.24458204334365324	0.11084264572636665	0.0	0.9788	0.9788	0.98	1.0
856.9	0.24440550013480722	0.11109429393067959	0.0	0.9788	0.9788	0.98	1.0
857.3	0.24544960608530292	0.11233211233211234	0.0	0.9788	0.9788	0.98	1.0
857.8	0.24382546652030734	0.11284106674888238	0.0	0.9788	0.9788	0.98	1.0
858.3	0.24436454155718434	0.11192631907586638	0.0	0.9788	0.9788	0.98	1.0
858.7	0.24547731700528805	0.11093676447512946	0.0	0.9788	0.9788	0.98	1.0
859.2	0.24526198439241917	0.11210832939694536	0.0	0.9788	0.9788	0.98	1.0
859.7	0.24525139664804468	0.11249409169686465	0.0	0.9788	0.9788	0.98	1.0
860.1	0.24363280156731038	0.11151591953112625	0.0	0.9788	0.9788	0.98	1.0
860.6	0.2466254218222722	0.11155505833466517	0.0	0.9788	0.9788	0.98	1.0
861.1	0.24624964619303708	0.11061020769602319	0.0	0.9788	0.9788	0.98	1.0
861.5	0.24569149693775816	0.11219512195121951	0.0	0.9788	0.9788	0.98	1.0
862.0	0.24461979913916787	0.11249794711775332	0.0	0.9788	0.9788	0.98	1.0
862.4	0.24455345548982832	0.11265279154278163	0.0	0.9788	0.9788	0.98	1.0
862.9	0.24655347554781598	0.11236890294656235	0.0	0.9788	0.9788	0.98	1.0
863.4	0.24537104534188658	0.11308724832214766	0.0	0.9788	0.9788	0.98	1.0
863.8	0.24587048677093992	0.1119567055640115	0.0	0.9788	0.9788	0.98	1.0
864.3	0.245096593422799	0.11135781383432963	0.0	0.9788	0.9788	0.98	1.0
864.8	0.2443687018375815	0.1130419821059876	0.0	0.9788	0.9788	0.98	1.0
865.2	0.24422245415237812	0.11224843858431645	0.0	0.9788	0.9788	0.98	1.0
865.7	0.24594107035478052	0.11191019119452728	0.0	0.9788	0.9788	0.98	1.0
866.1	0.2458151108430101	0.1128747795414462	0.0	0.9788	0.9788	0.98	1.0
866.6	0.24568050924522583	0.11312700106723586	0.0	0.9788	0.9788	0.98	1.0
867.1	0.2448107448107448	0.11176892716182275	0.0	0.9788	0.9788	0.98	1.0
867.5	0.2430939226519337	0.11117126872405703	0.0	0.9788	0.9788	0.98	1.0
868.0	0.24668721109399075	0.11090909090909092	0.0	0.9788	0.9788	0.98	1.0
868.5	0.2450721713487506	0.11151736745886655	0.0	0.9788	0.9788	0.98	1.0
868.9	0.24295112781954886	0.11127541589648798	0.0	0.9788	0.9788	0.98	1.0
869.4	0.2431663769947859	0.10854589461925154	0.0	0.9788	0.9788	0.98	1.0
869.8	0.24281860022218696	0.10745655017753691	0.0	0.9788	0.9788	0.98	1.0
870.3	0.2420280612244898	0.10911136107986502	0.0	0.9788	0.9788	0.98	1.0
870.8	0.24283197180842545	0.1080368906455863	0.0	0.9788	0.9788	0.98	1.0
871.2	0.24308236808236808	0.10750047232193463	0.0	0.9788	0.9788	0.98	1.0
871.7	0.24340934821284166	0.10758177349215353	0.0	0.9788	0.9788	0.98	1.0
872.1	0.2448713774014979	0.1076777251184834	0.0	0.9788	0.9788	0.98	1.0
872.6	0.24475409836065573	0.10929169840060929	0.0	0.9788	0.9788	0.98	1.0
873.0	0.24559090159881325	0.11123831329898874	0.0	0.9788	0.9788	0.98	1.0
873.5	0.2465980750082974	0.11032096867192005	0.0	0.9788	0.9788	0.98	1.0
874.0	0.24912339288695942	0.11294977871849143	0.0	0.9788	0.9788	0.98	1.0
874.4	0.24810510358767054	0.11604556864259509	0.0	0.9788	0.9788	0.98	1.0
874.9	0.24987251402345742	0.11892732219199378	0.0	0.9788	0.9788	0.98	1.0
875.3	0.248971898560658	0.12007835455435847	0.0	0.9788	0.9788	0.98	1.0
875.8	0.2504753673292999	0.12015043547110055	0.0	0.9788	0.9788	0.98	1.0
876.2	0.25100718164301977	0.1214915797914996	0.0	0.9788	0.9788	0.98	1.0
876.7	0.2497326203208556	0.11893104855161159	0.0	0.9788	0.9788	0.98	1.0
877.2	0.24900181488203266	0.11870054144106622	0.0	0.9788	0.9788	0.98	1.0
877.6	0.24632558139534882	0.11603150947413242	0.0	0.9788	0.9788	0.98	1.0
878.1	0.2463851937536148	0.11794421260707226	0.0	0.9788	0.9788	0.98	1.0
